--- Progressive BKZ State Save ---
Dimension: 80
Last Completed Beta: best
Shortest Norm Squared (||b1||^2): 277689
Shortest Vector Norm (||b1||): 526.9620
Best Norm Found in This Run: 526.9620
--- Basis Matrix B (n x n) ---
[0 0 0 0 0 -76 41 2 152 -74 85 -23 -45 126 -90 92 6 -64 3 63 56 16 -2 53 -81 41 53 -1 -20 -32 37 28 128 14 -10 -14 -52 -1 -18 49 -88 -50 -29 -60 52 64 0 30 -86 110 -148 -18 49 42 9 0 18 150 8 -23 8 -34 0 36 -36 -75 -65 89 122 -55 -37 48 -49 51 -59 63 8 22 -11 -11]
[0 0 0 0 0 24 -5 62 137 -95 42 13 -53 30 -52 -6 74 -10 24 6 -7 52 -7 -18 90 -42 -115 127 -42 -31 18 59 3 -76 -4 -25 -140 -12 15 25 -152 -18 -29 19 15 8 -2 -93 -30 -10 8 -101 -31 101 -24 0 24 92 -103 35 30 -103 0 35 -183 -120 14 44 4 -25 11 -38 41 48 -32 -32 81 -40 37 27]
[0 0 0 0 0 -52 67 -6 20 -9 -42 11 71 -155 -24 -131 -53 18 -6 -97 34 -1 -31 133 -21 46 53 -41 35 2 -56 -105 72 23 -56 38 75 3 -49 -71 -46 -87 -4 -10 -118 55 0 42 56 2 -14 71 30 -48 -14 0 -39 15 26 98 -23 -108 0 -148 30 -67 100 39 53 63 12 -51 -20 109 102 75 142 -8 11 8]
[0 0 0 0 0 -13 -44 79 97 -81 62 -14 -81 139 43 45 111 67 0 -6 -16 67 -141 11 27 -3 -117 72 -11 60 121 -17 -96 -2 -14 -30 -149 -22 -4 26 23 42 68 -2 26 -89 4 -145 84 -100 92 -42 71 49 -28 -4 51 -126 -85 106 58 63 -10 137 -78 128 8 0 -94 -9 -9 -59 -37 40 -38 -29 -50 -106 -13 -25]
[0 0 0 0 0 -55 -61 37 -68 26 -120 48 -61 -93 -47 -36 -30 62 -101 -135 -27 -8 -14 72 -68 -51 -35 37 123 -81 -82 -7 43 71 -25 -17 -12 10 -124 51 146 1 33 58 -165 18 2 75 30 -5 148 63 141 -55 29 0 -29 -80 73 -36 -49 22 0 66 165 28 138 -57 -69 26 81 -27 -24 37 109 136 0 -62 -11 -30]
[0 0 0 0 0 92 -56 -139 -1 -1 -4 69 -15 -39 -52 -5 19 -45 5 69 -20 10 84 -31 52 -84 -188 38 -35 -19 40 122 75 -95 23 -15 -71 -9 51 200 -34 128 -22 23 18 4 -2 -16 -90 -92 103 -83 41 -31 -19 0 67 35 114 -9 -21 56 0 38 -139 -77 82 0 -62 78 -43 35 -1 -137 32 57 -67 37 25 -76]
[0 0 0 0 0 15 22 -84 -63 33 177 -19 85 -64 49 -161 -22 13 42 -31 -39 12 -6 109 62 98 -33 49 -102 74 -30 -19 95 85 25 -9 168 -3 43 0 109 -13 74 -15 8 63 -2 -1 34 -53 -30 90 30 -91 8 0 59 -81 102 22 -32 74 0 -116 -67 39 127 -33 -72 61 -66 21 -114 -75 29 1 24 -23 21 -113]
[0 0 0 0 0 -23 7 -66 -28 39 142 38 152 -66 -30 -157 -142 -2 -51 43 -64 -58 -19 49 22 122 38 -99 -58 -6 62 -26 102 45 -46 29 183 13 51 -46 32 -114 27 -25 98 15 -6 112 -93 -32 -70 65 -48 48 71 4 119 -39 155 -47 -44 -31 10 -183 -48 -76 -15 17 113 -14 -111 99 1 20 -10 -25 43 -6 43 121]
[0 0 0 0 0 103 -83 -80 31 25 25 47 63 54 87 -33 58 -37 -98 -70 -26 23 -66 -1 -1 96 -108 -23 25 34 85 66 -38 56 -154 43 59 1 103 119 20 23 72 77 126 -12 0 -75 53 -152 48 -7 32 -28 108 0 78 -125 87 50 -4 -1 0 11 -140 20 20 -10 -89 -23 -86 -134 63 -97 32 15 -69 -58 11 -55]
[0 0 0 0 0 42 -61 -55 -47 39 -71 27 73 -53 67 44 15 9 -91 -60 8 -38 -30 -90 12 -48 39 -10 -31 61 -95 -26 7 -80 -38 8 122 27 127 -29 -20 -20 -70 42 54 17 -2 -22 133 27 36 7 -31 18 121 4 1 21 27 59 -38 54 10 -7 29 21 -44 -79 51 -89 -2 -101 74 8 -50 35 -2 -100 14 33]
[0 0 0 0 0 121 -68 -86 -12 64 -133 101 88 -127 17 22 36 30 -72 -76 -27 -13 21 -42 83 -155 31 44 -31 -47 -35 31 -14 -120 -126 27 1 10 149 7 -204 30 -38 69 9 -63 -4 -36 -69 -43 57 20 -127 -5 71 4 42 -22 25 39 -24 -82 10 -8 15 -115 -77 -55 48 51 -25 -127 82 -38 22 -64 25 -53 61 58]
[0 0 0 0 0 -13 -11 33 57 -107 82 -58 -128 15 -62 -66 -74 -11 15 26 88 -23 27 22 0 97 -7 77 25 -95 -4 59 14 0 7 -62 11 13 -42 -40 58 -60 104 79 -14 57 -6 78 -21 73 -24 -69 102 117 -2 4 2 38 -118 -119 -36 -60 10 112 -140 -30 72 -23 -12 -74 44 19 14 23 -14 24 5 -37 33 88]
[0 0 0 0 0 -36 64 49 -29 -22 28 -58 -35 -73 -77 -77 93 2 94 -69 41 32 -80 -1 160 -109 -98 142 -3 104 -135 -68 -16 -18 54 -64 64 -16 102 -25 -83 16 12 97 -128 -27 -4 -35 151 37 -14 -36 -43 69 63 0 -48 -29 -82 -7 -16 47 0 8 -93 -13 80 -81 -22 -11 75 -73 -13 -54 -55 -82 54 -22 41 -8]
[0 0 0 0 0 62 32 31 31 -90 108 -54 -2 144 -36 59 -5 -31 -148 -7 -93 -2 13 -162 -61 57 10 82 3 -17 36 128 -55 36 33 -57 -72 -3 2 -2 77 -45 -82 -112 154 71 0 -77 45 95 -28 2 4 61 92 0 64 133 -7 4 23 66 0 69 1 -85 -52 16 13 -277 -14 32 -32 106 -93 0 -66 -119 -11 50]
[0 0 0 0 0 -21 -129 89 -264 73 48 11 -186 -60 -34 54 -51 62 31 19 -78 -40 72 -23 88 -1 52 -7 19 -96 -54 1 16 50 119 -66 53 33 -24 -42 207 2 -12 104 -11 -55 -2 132 -75 81 -1 -15 -39 113 -7 4 -34 -60 20 -225 -30 50 10 76 67 210 26 -58 -18 -86 125 69 15 -27 -67 31 -121 -51 -24 44]
[0 0 0 0 0 47 35 -53 95 -183 42 -68 -54 18 30 10 76 2 -36 -27 -48 -2 -53 26 -7 107 8 2 20 -18 -25 98 11 -9 -22 -38 -79 -41 20 -53 -5 -5 -47 -36 -52 20 9 7 135 56 -44 4 66 -36 -49 -12 -50 230 -106 146 16 -77 1 73 -33 42 61 75 10 -117 15 -49 -69 119 21 124 -23 -11 7 -105]
[0 0 0 0 0 -23 -103 -43 46 -29 13 -51 33 17 17 85 121 50 -62 57 -53 15 -64 -41 36 -12 -17 -46 -59 58 36 3 -14 -29 55 2 -112 -5 73 108 -15 65 -38 -36 60 -23 -6 34 -34 -34 17 -56 73 86 -47 4 4 47 43 107 6 110 -10 60 45 179 -14 74 14 15 -82 56 -71 63 -95 7 -109 -34 -60 -88]
[0 0 0 0 0 7 -14 -44 30 -62 -47 -4 -49 -116 -115 -25 71 -3 -62 -143 -13 107 3 26 112 81 10 17 -12 -70 -54 58 85 6 -119 21 14 17 77 68 -75 -83 -21 75 -16 94 -18 38 -37 -21 -35 11 48 69 54 2 -16 94 71 34 -74 -83 2 -42 -57 -85 53 20 60 -50 -62 -56 66 2 -25 3 88 -52 40 -26]
[0 0 0 0 0 33 14 31 64 -52 -175 27 -51 -80 -27 -21 8 -4 -42 -60 100 -11 39 -85 17 -70 52 61 81 -174 -132 81 -9 -97 -138 27 -35 33 -32 -57 -130 -97 -21 39 -11 -33 -8 -9 42 95 112 -63 27 48 -43 -2 -25 122 -77 8 -62 -100 12 80 19 -170 -13 -48 76 -36 20 25 86 33 71 -61 89 38 74 38]
[0 0 0 0 0 8 70 -45 80 18 5 6 18 52 8 54 -10 6 13 35 140 14 -11 91 -89 -6 25 83 -36 2 17 -21 70 -113 -45 -33 -10 20 -77 -38 -35 -7 20 -50 -10 8 8 -61 -28 33 22 60 30 -95 -41 12 118 -4 71 106 -34 68 -1 6 -59 -72 -29 -14 59 12 -51 101 -105 -17 -43 -1 -4 67 48 -55]
[0 0 0 0 0 76 -43 -42 -13 -41 -94 -22 -26 -14 155 -89 -80 60 -21 -34 -11 -31 -32 -61 -50 88 67 -133 34 -79 6 59 -124 -28 -42 85 79 21 23 -82 37 -16 27 44 -25 66 2 51 5 -111 49 24 12 -62 7 0 -25 -17 -157 25 -38 -144 11 -24 77 34 -28 -85 -10 86 -50 -135 201 -27 49 -69 95 95 48 68]
[0 0 0 0 0 50 -237 129 -8 27 168 44 -56 -145 94 -101 81 86 -85 -66 -158 -25 -72 96 113 -41 -61 88 14 -116 1 26 35 38 -12 -9 -16 -5 -52 35 118 -45 41 100 -45 -101 5 78 -89 -100 123 16 71 40 -30 4 -15 -52 63 -42 -44 23 10 -15 -4 75 102 37 -78 76 -13 8 -53 120 82 12 4 -75 4 -44]
[0 0 0 0 0 -26 15 -18 -1 -11 -61 65 147 -8 -60 -50 -38 86 -176 -98 -146 -31 -37 30 -68 52 -10 51 -91 -13 -41 66 50 45 -33 -33 51 -7 52 80 111 -40 27 -63 24 127 -10 30 -103 6 -4 97 71 -34 17 -4 36 13 129 -2 -18 -84 1 -45 192 -45 16 -21 70 -50 -122 -7 -65 46 80 63 48 -78 53 -11]
[0 0 0 0 0 60 -71 16 98 3 103 51 93 10 56 10 -2 -96 42 92 39 -47 81 44 103 -16 78 107 -186 -62 -41 84 99 -91 -24 -17 148 18 66 -76 -47 -101 92 30 118 37 10 -14 -33 30 -154 -80 -24 -14 -47 -1 20 100 -54 -95 -17 -132 20 -26 -58 -74 -172 -41 33 26 -33 -27 -29 -21 59 -53 80 -45 104 15]
[0 0 0 0 0 -75 -81 37 -17 48 0 -15 86 -97 31 -158 -93 -30 -39 33 32 -74 5 1 -9 93 32 -28 0 -66 -14 44 83 -21 -7 48 177 4 -51 -38 80 -102 130 10 -54 120 27 108 -21 9 -16 -14 131 42 -66 -7 -58 7 -26 -112 -79 -68 11 -60 48 21 17 4 -29 77 4 44 27 52 63 -56 91 16 23 57]
[0 0 0 0 0 2 -11 -11 6 -86 141 -43 -64 -26 83 -40 7 92 121 66 70 -69 -55 27 72 -2 100 41 -102 4 11 -56 112 -82 -10 16 -64 -23 113 -67 -127 50 -55 -61 55 -51 -18 -96 -19 66 6 16 -30 16 -116 -1 78 78 -111 90 27 -43 -3 23 -128 72 55 35 38 111 -15 -43 -155 93 -28 -15 -31 -42 20 -20]
[0 0 0 0 0 -6 -31 9 -10 38 108 59 82 22 75 -46 -98 -28 -61 94 11 -94 -4 -39 -124 26 -125 -60 53 -26 -31 49 64 -4 -20 71 71 17 -105 59 178 2 -30 -13 135 10 -19 7 -37 -65 96 9 55 -97 41 11 152 -37 161 -30 20 69 7 -51 17 -8 24 -16 42 12 -71 59 1 -49 3 55 -84 116 8 -18]
[0 0 0 0 0 -84 70 36 85 -141 64 -64 22 78 -102 -40 -7 -43 144 131 21 4 30 -41 161 1 55 32 -54 9 21 81 9 -47 -64 -28 -8 -28 64 -99 -77 -99 13 -58 34 -59 -26 18 -8 30 -46 -76 -55 134 -44 -4 54 65 -91 -69 -36 -57 -2 -49 -93 -175 -88 -52 56 3 -63 153 24 -17 36 -128 65 -5 77 180]
[0 0 0 0 0 -28 -47 13 -29 -14 -68 90 -42 -31 -104 73 45 2 -85 68 -79 -2 12 -101 -28 -99 -143 -70 29 -37 -68 27 -45 -40 81 25 -92 47 -26 148 41 49 -154 72 17 -17 -23 81 -73 20 77 -148 -1 160 -9 17 32 69 50 -52 -12 23 -3 106 49 -17 -32 -2 109 -45 27 110 75 13 -139 13 -43 19 -30 44]
[0 0 0 0 0 -35 -45 24 -41 45 -43 70 -74 106 70 110 45 50 44 -100 -1 -15 -97 -80 -135 -91 80 -73 90 72 48 -73 -80 73 -64 39 -32 1 65 24 -12 -3 -68 19 95 -126 -16 -73 65 -18 116 -28 -79 38 81 -3 62 -190 -27 28 72 61 -10 82 112 94 -100 -85 -3 12 6 -57 81 -71 8 4 -23 -96 -32 73]
[0 0 0 0 0 -128 -24 6 17 -28 70 -18 -52 11 -118 -17 107 99 71 -74 -30 66 -56 96 123 -60 -147 95 -29 19 -63 24 49 55 42 -94 -49 -47 -7 81 38 24 72 43 -97 -79 21 28 23 -79 136 -26 123 -56 -64 -21 25 -39 41 -9 -23 91 -7 140 35 116 45 -103 -57 91 -11 68 -137 -120 84 4 15 12 91 -134]
[0 0 0 0 0 61 50 -32 -2 -26 -56 48 -71 23 10 4 6 -12 -20 16 66 -70 -106 -10 -9 11 -17 -40 59 67 67 4 -29 -29 -15 -6 93 3 27 60 83 21 51 84 -15 -38 -11 20 84 -120 -27 -9 15 -112 65 16 54 -25 65 -5 -1 19 0 -40 -14 66 -41 -11 -7 -8 -25 -37 -68 -130 -36 66 -69 77 70 -63]
[0 0 0 0 0 22 28 -81 63 71 -104 12 94 -65 -112 145 -43 -56 30 18 72 45 102 -1 30 -156 -109 9 -55 10 -116 -42 120 -52 35 -45 -43 28 77 74 -120 81 10 101 -31 8 -12 50 17 47 -58 -30 -68 -19 79 -4 -13 46 49 0 24 19 10 14 -12 -45 -34 -25 10 -7 56 -83 73 -115 -55 86 -31 15 -25 -94]
[0 0 0 0 0 -85 -44 -1 -40 49 -26 38 -59 36 57 16 -27 -4 4 13 3 -77 -37 -78 -48 -110 89 -24 35 3 -105 -79 37 22 135 8 39 7 -23 -11 24 4 -110 78 -16 -3 25 138 37 49 -36 -8 -57 0 144 8 36 32 -39 -103 -16 38 -9 15 142 32 -84 -34 57 -36 71 41 12 35 -130 94 4 68 -37 93]
[0 0 0 0 0 -3 -40 171 23 -111 118 -52 -46 49 78 -18 -12 94 52 119 -32 -23 -91 -54 93 -8 -2 2 -131 -89 55 -13 -9 -48 -28 33 9 10 15 -157 13 -63 42 -73 41 -102 -22 -51 20 -32 -17 47 -14 31 -108 6 64 33 -163 32 14 -37 7 36 50 28 -121 -64 65 58 -36 20 10 53 -31 -177 66 31 110 25]
[0 0 0 0 0 38 2 -140 -65 -26 -32 -72 -4 -39 -82 -18 71 -43 117 37 13 -3 77 31 97 1 -80 110 -75 51 -45 31 -20 -101 79 -90 -122 -38 142 53 -100 158 -13 49 -32 16 -5 107 -64 5 -73 -62 -39 8 -22 12 37 125 -40 -16 23 -63 -32 64 -170 20 69 8 -44 0 12 100 -73 -70 -8 23 -88 87 72 -71]
[0 0 0 0 0 -53 -25 103 -42 -62 28 18 -14 48 -108 -86 32 28 -52 -84 -154 -59 -111 -126 143 -85 -79 117 21 -8 -14 75 58 27 24 -71 31 -39 6 -53 3 -69 -67 -4 -100 -81 12 -4 122 -38 101 -19 -109 114 118 2 109 22 62 -18 -27 17 -11 -48 -12 -10 -12 -59 -12 -97 86 29 -48 14 -59 -37 63 -72 86 65]
[0 0 0 0 0 -31 62 -42 -27 -17 -68 -41 65 -72 -173 65 21 -147 -29 24 4 -17 -22 34 -51 -21 37 -143 36 67 11 -32 34 31 46 -30 15 -46 20 112 31 32 -76 7 -171 6 -23 81 2 50 -37 -14 42 -94 -57 -22 -123 169 159 11 -21 39 11 -89 125 -85 -38 61 45 40 -10 120 -97 -5 135 25 -19 156 4 -12]
[0 0 0 0 0 94 -65 -102 -32 43 -56 50 32 0 -84 51 47 -5 -105 37 -60 4 -21 -41 99 43 -148 -62 60 21 109 194 -33 -104 -58 -22 -7 -23 80 131 16 61 28 34 31 -42 8 28 -113 -122 29 -55 -57 17 18 2 40 -4 121 -51 -14 -69 15 21 -112 57 -62 3 28 -46 -45 -141 70 -149 -44 31 -98 -22 73 20]
[0 0 0 0 0 -95 -24 104 18 60 18 -5 3 -43 -61 41 17 38 -40 -9 -27 -38 17 82 35 -40 146 -82 -23 20 102 -157 55 44 37 21 -3 39 -67 -3 -54 -76 -8 -114 80 -66 -11 27 -59 -4 -31 -17 86 -55 -52 2 -23 7 111 -31 -12 84 10 -52 160 -4 -110 28 84 130 -41 90 -131 87 -14 -8 69 -119 -12 50]
[0 0 0 0 0 14 58 -9 -84 105 -54 14 -82 -43 -40 -44 -99 49 109 10 24 24 88 4 -10 2 -102 59 -23 -19 18 21 -23 4 53 -52 51 -12 26 13 140 94 115 5 -93 33 34 16 -62 -12 45 43 -6 -54 6 -17 -62 -162 -14 -153 -4 49 -15 35 -3 -55 56 -125 -133 31 -8 74 51 -130 127 -15 -20 43 27 -1]
[0 0 0 0 0 -2 9 -24 148 -130 207 29 83 103 127 19 103 -58 30 -33 -57 54 -24 13 5 127 -4 -3 -123 101 -7 -2 56 45 3 5 -8 2 8 -44 -16 -105 -87 -14 111 77 -29 -136 153 -44 -63 -48 -20 17 -36 -16 4 104 -78 98 106 -71 17 1 -112 77 -30 81 -58 -59 33 -124 16 22 -77 79 85 -97 -60 -63]
[0 0 0 0 0 -66 -21 134 -137 63 -42 145 -19 -104 -39 27 -56 195 -56 -94 -16 23 3 77 -110 -47 64 -13 31 -82 -53 -74 -21 -11 2 -20 4 112 -119 -36 108 -105 -101 -2 -45 71 -13 45 -103 9 113 68 9 -6 -120 5 49 -161 85 38 -31 -86 8 -77 204 74 29 23 72 0 55 74 -14 89 56 120 49 -9 -32 12]
[0 0 0 0 0 -29 -59 24 -11 -54 2 -28 -43 -1 -129 20 -4 -19 24 28 -50 -11 12 -86 13 -162 64 17 130 -114 -81 142 -63 71 97 -58 -40 -48 -41 67 -9 22 -21 16 -60 -63 15 191 -146 68 -71 -83 -43 75 0 9 -25 40 23 -114 -22 -6 -1 96 140 -20 -57 -19 106 -8 23 68 -15 17 18 -50 -57 100 2 56]
[0 0 0 0 0 -81 57 -105 155 -86 79 -26 76 24 28 25 52 -75 2 -10 66 65 -61 64 7 113 68 -142 -26 106 15 -112 23 72 -76 48 83 -78 32 11 -25 -39 55 78 -32 -12 23 60 114 -36 -107 64 27 -32 54 -7 -87 84 26 68 16 -15 -27 -14 -29 26 -76 53 64 1 -71 -34 -24 29 -11 -13 36 77 -94 -77]
[0 0 0 0 0 4 37 6 27 35 -37 20 67 3 -13 -23 -11 -110 82 -7 57 50 94 0 34 5 10 -92 -18 -46 9 -36 1 105 -38 79 -16 -4 -22 -30 -136 -14 42 14 49 -34 -14 47 25 25 -156 -82 -109 64 -85 1 -40 40 -55 37 92 -147 -9 -19 -38 -16 -79 74 22 7 79 -61 86 -17 -23 -84 70 48 -80 -57]
[0 0 0 0 0 47 73 -96 -6 -39 -123 53 -15 -20 20 10 -43 -12 50 -5 -4 39 26 67 -86 30 -3 -154 14 -24 75 -2 33 4 -29 127 7 48 -50 40 -24 21 -55 -44 16 60 -2 -45 40 -79 -10 -13 14 -181 -78 2 63 4 63 77 16 -132 -11 -54 66 -7 -7 -7 25 157 -65 -71 32 -32 67 40 32 21 25 -96]
[0 0 0 0 0 -28 29 -33 -17 -13 -37 -111 -80 23 -24 -2 3 44 170 13 88 6 29 27 68 13 193 -26 -13 3 47 -68 -68 -20 63 -2 -145 -6 68 -97 -116 21 -69 30 -75 -26 -18 39 -60 6 -35 -43 -85 18 -74 -15 25 -91 -103 34 23 -54 -7 -18 38 127 -51 24 -39 137 40 -63 -12 32 17 -54 -12 31 -34 76]
[0 0 0 0 0 -16 -19 117 -178 171 -9 -39 28 77 117 36 -31 -22 64 -19 26 -24 153 -16 5 65 71 30 -18 -20 -74 -20 39 113 113 -24 75 91 -82 -28 75 -50 40 -37 134 85 33 20 7 153 -148 -43 -32 54 -96 0 -68 42 -75 -168 3 -17 1 -53 40 142 5 4 -106 -106 82 29 55 -26 1 -3 -74 2 -55 -131]
[0 0 0 0 0 -99 63 -2 -60 83 -29 -97 100 -5 -33 -32 -25 2 96 18 5 -25 72 -58 -18 -31 95 -54 76 1 0 -109 -141 71 -36 37 -53 11 50 -73 -10 20 33 -75 28 -130 -17 23 -12 50 19 35 -98 85 6 -5 26 -206 -86 -61 93 51 -19 14 181 56 -86 -51 33 55 21 70 -6 -34 -38 -123 -41 -17 -63 120]
[0 0 0 0 0 -65 5 -12 -49 -2 67 -83 -29 -60 -154 40 6 -34 -54 -31 111 -37 35 111 -83 28 65 25 90 22 -114 -28 113 -1 8 -64 133 0 34 -12 42 -37 -37 42 -74 171 -17 115 -44 151 -110 88 50 14 125 32 -17 98 13 -82 -63 0 -5 -7 -5 -59 72 5 71 -49 66 -72 -70 0 -80 170 -21 -65 1 21]
[0 0 0 0 0 43 9 -46 -57 -16 61 101 -83 6 -137 50 -12 4 -4 35 2 31 50 103 -35 -122 -45 39 -63 -101 -107 55 185 -38 51 -41 28 56 -1 112 24 6 -86 52 -38 93 -16 81 -130 89 -41 -12 9 2 -51 4 47 79 181 10 -82 20 15 -33 6 -67 93 10 143 -56 -32 99 -40 -39 21 48 -39 98 7 -104]
[0 0 0 0 0 -50 92 -57 161 -96 39 -43 -5 28 41 -147 49 -11 58 -11 46 62 -127 83 54 112 -80 -52 2 57 -52 -33 2 100 -45 46 31 25 95 42 -53 18 73 61 -81 53 -2 34 113 -47 -63 9 20 35 68 8 -44 32 -138 55 -47 -169 -17 -43 -201 37 153 5 -41 91 -9 -189 -4 -25 -25 18 94 36 12 -128]
[0 0 0 0 0 18 88 -2 -158 85 -72 -70 -104 -60 -53 123 20 -15 -20 9 87 -35 1 -27 -52 -53 59 -100 74 -5 -48 -79 -2 -124 -18 49 -21 -24 43 71 29 117 -92 13 48 -12 24 9 -25 153 11 19 27 -28 -62 3 -91 130 54 -21 -50 74 -15 75 115 5 -23 -7 136 -44 -2 -28 -59 43 -97 -79 -105 61 -7 -56]
[0 0 0 0 0 3 -23 32 -16 -10 55 -102 -67 72 80 57 135 -87 20 75 36 -99 -29 2 40 138 91 -103 20 77 -92 -10 -30 59 -67 -17 132 36 169 6 97 5 -34 76 121 -23 -62 66 60 176 -183 -93 32 114 63 13 -115 100 -44 -81 -11 6 24 55 15 76 -37 -29 44 -62 -41 -44 34 -52 -44 6 -150 36 -55 -56]
[0 0 0 0 0 45 86 -145 -57 16 27 -88 12 39 0 103 -25 -46 107 89 99 -11 -82 -3 -154 -25 29 -129 31 119 155 -133 -41 -8 101 -16 -57 16 53 43 -63 133 5 -77 19 -19 1 -69 53 28 -107 33 30 -11 -26 6 32 -37 -24 147 126 81 8 -6 47 217 42 59 -28 10 15 -51 -52 -44 -71 4 -225 43 -26 -123]
[0 0 0 0 0 33 -33 -30 -39 19 -37 -7 77 -13 100 62 23 -37 -26 98 -59 -47 -9 -23 -9 160 19 -217 61 55 147 86 -125 -38 -56 97 37 -22 52 -13 112 70 49 -22 134 -52 4 43 -55 -202 3 -47 13 -48 13 13 2 -44 56 35 28 13 -23 -114 -22 183 -55 81 -65 77 -90 -36 13 -28 67 -15 -177 5 -36 -35]
[0 0 0 0 0 9 21 125 -3 57 -12 -15 -8 -71 24 -136 -95 41 -26 -49 -55 1 126 -30 79 -69 -26 137 0 -57 -140 19 1 49 84 14 29 38 -137 -37 85 -37 38 33 -130 110 -19 4 -4 -45 28 35 -32 -42 88 14 -23 -106 -4 -63 -55 20 3 -132 40 -132 82 -74 -87 56 101 -52 71 -15 58 7 144 -4 -56 -2]
[0 0 0 0 0 -23 -86 28 53 -1 200 -36 38 1 -47 -91 143 2 -39 1 -72 78 -175 75 85 20 -14 -2 -1 17 66 -90 -62 77 -6 30 -59 -4 116 -51 -172 -26 -17 -16 21 -42 13 -18 61 -8 -92 -2 -30 77 75 -1 13 -16 -113 78 33 -37 6 49 -80 58 -56 61 15 12 20 -98 -68 160 -125 -98 49 -123 36 57]
[0 0 0 0 0 35 -105 -69 16 -8 173 57 42 18 43 -137 38 -22 -6 4 -45 4 -65 54 85 23 -151 -34 -89 35 -49 8 125 32 70 32 89 -18 47 70 -9 -11 -48 48 155 -34 6 49 41 -45 14 -96 -10 84 34 5 60 117 46 36 13 -14 -1 -43 -156 43 43 -38 29 -11 -104 -48 -6 -10 8 48 30 24 46 -30]
[0 0 0 0 0 70 26 -88 -59 -29 -123 66 12 -48 -139 -54 -118 2 3 27 -9 -31 39 -60 -29 -103 -105 -89 134 -31 75 81 -54 -51 -46 -38 12 -61 123 31 -21 61 38 48 -79 -54 -5 16 -37 -44 49 -37 -42 36 5 -14 47 -103 27 -35 27 -35 7 52 -22 -138 21 -61 -19 -26 38 -17 106 -78 119 -15 -68 -8 43 165]
[0 0 0 0 0 39 -45 -43 39 34 -54 174 93 24 -22 -6 -1 -30 -133 -39 -47 -1 -99 40 -70 -78 -89 49 17 12 9 -12 43 1 -97 -18 0 -4 50 81 -82 -30 -25 96 5 -77 12 -44 28 -30 35 -65 -69 50 116 -1 69 -18 79 -8 -5 -32 16 107 -53 -78 -29 -66 8 -77 43 -3 40 -10 7 30 5 -76 117 18]
[0 0 0 0 0 -16 -50 76 89 -12 -11 -5 28 -13 10 62 -35 0 -95 56 -2 29 -61 -48 -75 -9 -54 -57 28 -41 26 -3 -41 -2 123 -24 -145 -72 -149 85 107 40 -16 11 -4 82 0 9 -50 -84 54 -3 94 -41 -51 -1 -70 71 65 -12 63 -41 8 -2 62 -11 14 75 -46 4 -17 -60 45 102 41 68 -4 90 -54 -7]
[0 0 0 0 0 37 33 8 76 1 -90 -63 -107 0 49 55 26 -17 140 189 181 12 -30 -30 52 -40 16 -101 20 54 24 -84 -68 -62 64 37 19 49 -81 -54 -75 -26 12 59 -26 -97 -41 56 100 -50 -97 -107 -3 67 -86 56 -41 44 -72 31 -17 79 -23 12 -106 8 -71 -14 28 79 6 70 74 -64 -61 -83 -36 131 30 -36]
[0 0 0 0 0 -114 132 98 5 -4 64 -145 78 63 2 -88 -77 125 35 -15 -6 3 -117 -2 32 107 25 -40 -102 68 -37 -84 -4 71 81 -66 115 3 58 -146 39 -82 128 -125 51 24 24 -24 102 81 -12 8 74 106 -80 -31 -62 -115 -82 -11 -15 24 -10 -30 24 119 2 -27 -4 6 -51 43 -35 57 3 -114 60 -41 15 38]
[0 0 0 0 0 77 -12 -148 -5 132 -16 -21 102 -54 -20 49 -17 -44 -57 -60 106 93 55 -5 6 -41 58 16 -46 -15 -91 -10 82 -4 37 -15 66 66 4 57 -77 33 -14 53 -9 129 29 5 -67 39 -34 76 11 -94 118 -14 34 72 76 12 -55 76 54 -103 15 -88 -45 -43 16 -23 -53 -101 24 -74 -67 -14 14 65 -36 -43]
[0 0 0 0 0 103 26 -9 -14 78 -42 -8 37 48 166 -7 81 -2 28 -17 -39 33 -11 75 -76 82 1 -80 6 80 25 -61 -64 2 7 47 80 20 14 -12 35 -2 -11 -50 44 38 -11 10 48 -119 0 62 -29 -168 -36 -3 -107 -79 58 68 15 -32 4 -184 -65 108 47 50 -39 87 -145 -84 76 -135 90 28 58 153 -20 -139]
[0 0 0 0 0 -19 -5 64 -50 -23 137 33 -105 -8 -37 -5 -15 42 32 -44 -67 69 20 -18 54 -29 -81 17 28 -60 97 -14 -8 24 -25 35 -142 -14 -106 39 49 -9 -68 -8 25 0 5 -142 -3 -114 149 47 37 -76 -51 -10 70 -40 19 45 76 31 -12 -11 -10 -25 94 -28 -66 18 0 19 23 58 57 -52 25 -24 -37 6]
[0 0 0 0 0 66 -1 -114 -153 112 46 83 59 -7 90 60 -71 2 0 5 7 -20 72 -51 60 51 113 -54 -82 28 -8 50 -40 -56 -50 71 174 29 102 -56 43 -23 -22 84 42 4 11 19 22 -1 -94 56 -165 7 51 9 2 -27 -36 -84 -13 -46 -2 -60 -26 91 -142 -62 28 -102 21 -130 114 -128 -49 -36 6 -40 31 14]
[0 0 0 0 0 82 -73 -39 -95 51 7 -60 54 52 181 -25 30 33 55 -9 13 -145 13 -98 46 40 8 -20 -81 138 -108 5 -66 86 10 1 170 26 126 -46 3 17 -103 118 71 -7 -35 -26 135 -22 -18 -76 -144 -13 60 22 31 1 -108 -75 -6 -4 -12 12 -67 117 -50 -106 -66 15 65 -91 108 -216 -82 -12 -9 60 51 -36]
[0 3413354 -9504188 10443385 -6607131 -871729 634181 28265 -409788 -468944 -106908 -572224 -560715 -255103 -331457 73410 -13098 110237 -409801 -363881 -58645 -411493 987362 844029 -502258 -476067 428282 589557 -706898 1158581 -141497 1193480 624474 997595 416784 1287284 -1066849 1277453 2206922 -144191 778539 -887731 827763 -55922 169012 -403658 4782919 -153084 870125 -294226 951260 369431 -144103 180922 -501240 9573045 -434086 -13971 1063785 130932 1188569 -103543 5787441 579574 -400682 -268168 -519038 600740 -419713 514680 192017 -239947 580134 748888 -177887 -7331 -108207 1545435 33300 756874]
[0 -1308026 -11829571 4024195 13651526 2180856 -1458263 -2345871 1030976 1197786 272612 1490967 631601 649835 860696 2812837 -1268393 258268 1103175 -3426590 204759 731260 -2527567 -1466188 892773 1223487 -4252534 -1174916 -1006032 -3769122 -14108 -3579860 -2368225 -2131865 -1606372 403201 -269150 -7556181 -1288665 183741 -865881 -3427484 -1343399 -3820132 -1249201 1047821 -7020164 367074 -659893 785988 -2440184 -3400434 352828 -1109774 790631 -1644303 934213 -677529 -2838989 -2891318 -4471083 264342 -59751 -2766938 437484 692405 1355954 -2607169 877402 -174716 1274537 625721 -3098903 -721254 449285 5067 -1807079 -483360 -2835295 -578659]
[0 9156216 2016124 10062364 -5973105 -4235939 -1190013 2032771 -1625557 -1914747 -381928 -2173558 -1564129 -971049 -1184413 -6344851 578729 -3999511 -1898522 3562508 -530442 -1550911 574566 -1057008 -2023186 -1715089 3380419 -4056734 -818254 2610620 -2186798 2064060 2689444 -582764 65348 -5170063 149403 6187967 -3628213 -834941 -2068091 3473679 -1638974 4389089 -325058 -1748897 1424353 -693451 -2706579 -1251241 956275 2098674 -758507 -1723689 -1630533 -4694744 -1962245 -3341398 -1137485 1797095 2482121 -380635 -6590704 1146559 -1035527 -1515155 -2317962 771946 -1927424 -4542647 -5727444 -1211395 869062 -489578 -735763 -188436 800447 -3722532 2039343 -3834191]
[0 -1172238 140568 12999262 4552851 -3242776 -795154 1047577 -1213914 -1365999 -263160 -1532246 -1370948 -709451 -809078 -3180366 -992253 561712 -1437137 3500583 -442087 -1343329 -686915 1414973 -1762689 -1187468 2531329 3103554 1321102 1278203 -1497921 1043856 -627923 831645 378554 -153259 -626119 7867141 261929 -809099 1607787 1395401 271212 2737725 1491632 -1258825 8196602 -562765 88674 -922040 -1231502 2839630 -604419 1372324 -1425479 -9879376 -1763838 3441281 4045380 4359982 3199720 -262577 -6497081 1504596 -827677 -1451816 -1701420 1625787 -1906388 1689399 -984928 -958262 2210251 -4048384 -559571 -186420 183478 -1505531 -7256 1535796]
[0 -1996725 12047083 -11391462 11501436 -3896938 -232429 -984724 -1487490 -1753610 -350521 -1972995 -1789604 -884531 -1077407 -2323218 786536 -2105461 -1704004 507166 -455284 -1569855 1455331 -386766 -1984938 -1565135 906930 -2191045 -1662173 2098761 -1116350 1772228 2524316 609196 140867 -1575266 -914922 2543622 62510 -802328 -666456 134720 -45859 1407384 40822 -1596779 2426966 -637466 -1084828 -1120410 1471859 145051 -700281 -1514677 -1632145 10317621 -1814874 -3624265 -1015635 -299744 1197835 -348606 5111258 -186539 -1293614 -1228176 -2132327 -75412 -1709744 -2983799 -2769118 -1097204 215675 2548798 -669337 -180565 205996 367919 1038901 -2533564]
[0 -4724943 -14343679 -9609979 4233554 -3424914 2158043 474362 -1481436 -1762919 -383470 -2122963 -839011 -918117 -1205906 -2287354 3409159 -149978 -1660031 4162971 -371282 -1087033 4240687 828355 -1283836 -1718034 4655446 857688 1753330 4779235 1131710 4385966 4439380 3000043 2126349 -1367693 1832249 7701300 493998 -297096 417598 5405441 2034300 4856680 2176240 -1576671 1958706 -546732 -12113 -1143651 3870042 3181533 -572333 750550 -964223 1329339 -1327216 -1749877 1511525 2153034 4365350 -374910 1207777 2045035 -711340 -841254 -2091085 2249541 -1090596 -1501745 -1377072 -975066 3571076 4914948 -648752 -64100 3305035 1636172 5048036 -1346805]
[0 20925928 -3701463 -7095993 -111174 2750875 245944 4587885 837048 1031959 171176 1044654 678670 464698 518819 -888732 -2803883 -567041 1133472 -1353228 444525 923674 -1054000 1655903 1116308 766080 607494 -113991 -1701275 12148 -1296815 444265 -2045080 -495831 -64231 2171921 -2792960 388182 2911574 552282 785062 -2706737 -364758 -1189955 -1789317 1010586 11048508 412101 1998027 668851 -263119 1103506 528535 752076 553796 9855019 1108726 3332174 2473621 860593 1579289 176913 3114513 2511721 651488 639914 1451389 1635602 877217 2691932 123691 792602 -6794 -5228118 389533 222682 -1886411 -592850 -2492885 3577451]
[0 5231348 -10066931 -134637 1968440 -8066944 -700731 -12275374 -2601900 -3103424 -539634 -3202408 -3300504 -1459610 -1623241 3842992 4027642 2412403 -3297288 -224682 -1174044 -3236031 2020371 -1819844 -3994326 -2407732 -3615354 2783335 1171879 -147948 1576856 -890097 3203018 2259407 -212661 -136261 2092117 -1211811 -672894 -1919569 766586 -171583 2066915 -575469 3934160 -2968989 -12659816 -1275816 -2282154 -1991522 -86018 -3649220 -1544839 -1497565 -2678862 723651 -3716311 -5980090 -2949824 -2324195 -3172432 -550274 7661525 -6123449 -2653946 -2268344 -4190545 -3841377 -3314261 -3316085 1473101 -2306449 -504908 10625261 -1204100 -615127 1768305 4861287 2173512 -5108438]
[0 2620411 5326703 10738313 4643089 2485753 4441223 5225646 445704 412920 -13137 116543 2086491 150505 -101436 -2044140 5183902 -3092006 753457 2388001 512690 1570702 6598263 -506665 2161185 -53725 5837289 -5646947 351323 5888979 2887562 5822021 6879926 1995807 2767913 -3476293 3308004 1904548 -895860 1483781 -2824499 7651188 1219625 4856809 -704324 499638 -4788167 460169 -17649 306061 7881640 2795109 586862 -618086 1649271 12030233 1955709 -5911945 -2934625 -1692071 3703492 3002 4580178 3831626 1239275 1636402 819975 2843980 2362906 -4572003 -2706513 760656 2572545 8616571 260419 419370 4376681 1250733 7461103 -3211817]
[9223372036854775807 -2590272 8555208 2420276 382200 -861817 462216 -3379173 -260131 -308107 -50955 -296448 -581986 -139606 -145494 2929498 537761 1613242 -318425 -1785169 -111864 -447622 697209 286575 -518729 -222097 -1927101 1796329 -254724 -363849 817570 -320598 152951 1054514 26568 2306726 -422703 -2105274 2257136 -245146 1103138 -2081573 1277120 -1865508 811723 -296664 -574368 -137176 776130 -183327 165598 -1549053 -170368 73356 -369111 8604496 -419930 -595630 -24511 -1355342 -1086413 -51968 7788429 -1537327 -504254 -150612 -437356 -936606 -337875 777004 2100311 -238136 -369304 2911285 -119440 -78810 -164762 3090660 -419989 359151]
