[[2975602470740679494179821044497561553476780893401809561860833909728995151646121560813385364386874444431205600184294160358134599865652550094914172738287293 0 0 0 0 0 0 0 0 0 0 0 0 0 0 0 0 0 0 0 0 0 0 0 0 0 0 0 0 0 0 0 0 0 0 0 0 0 0 0 0 0 0 0 0 0 0 0 0 0 0]
[2662182051015278393867882749875204908143196903018507485117032254082278540808705651385089612745705545105535282403689534901939528621593199988265895277128059 1 0 0 0 0 0 0 0 0 0 0 0 0 0 0 0 0 0 0 0 0 0 0 0 0 0 0 0 0 0 0 0 0 0 0 0 0 0 0 0 0 0 0 0 0 0 0 0 0 0]
[2090302632916134236779371697389422302293009103400937780240597945892027800327716199455155944306676845032360397497281920920027260802678204205701110303996124 0 1 0 0 0 0 0 0 0 0 0 0 0 0 0 0 0 0 0 0 0 0 0 0 0 0 0 0 0 0 0 0 0 0 0 0 0 0 0 0 0 0 0 0 0 0 0 0 0 0]
[2836785808649474461881086228169145632810353643652378011136495313192001857388321689375758151892734790681221726681718334736942315040370463098783913842959159 0 0 1 0 0 0 0 0 0 0 0 0 0 0 0 0 0 0 0 0 0 0 0 0 0 0 0 0 0 0 0 0 0 0 0 0 0 0 0 0 0 0 0 0 0 0 0 0 0 0]
[255236595309803023140385370161769194962045099113724164778149308215104235119347268963814475729623084482355952943790945780248102641850750219650917042783376 0 0 0 1 0 0 0 0 0 0 0 0 0 0 0 0 0 0 0 0 0 0 0 0 0 0 0 0 0 0 0 0 0 0 0 0 0 0 0 0 0 0 0 0 0 0 0 0 0 0]
[2908470007734726632602853781950292183475984143583701488354700359525523703769321452162350040960150693032776752172793174967677368239483191311303079119058063 0 0 0 0 1 0 0 0 0 0 0 0 0 0 0 0 0 0 0 0 0 0 0 0 0 0 0 0 0 0 0 0 0 0 0 0 0 0 0 0 0 0 0 0 0 0 0 0 0 0]
[879973636768927151666255398382392844407379086548026647325601854066232174330127826362533074216055375108136421207841147126986404107498422626860340114288123 0 0 0 0 0 1 0 0 0 0 0 0 0 0 0 0 0 0 0 0 0 0 0 0 0 0 0 0 0 0 0 0 0 0 0 0 0 0 0 0 0 0 0 0 0 0 0 0 0 0]
[2689797967378978378641977707083783896719327421958446044825261782362296215833265480630525964768726698777800467563282313923542230873582656780939163018039377 0 0 0 0 0 0 1 0 0 0 0 0 0 0 0 0 0 0 0 0 0 0 0 0 0 0 0 0 0 0 0 0 0 0 0 0 0 0 0 0 0 0 0 0 0 0 0 0 0 0]
[1695146198883932128259511939066677693284855366810748483174838610141653155993751124609279458257310773502236477048649496611216387693698751367846672804718784 0 0 0 0 0 0 0 1 0 0 0 0 0 0 0 0 0 0 0 0 0 0 0 0 0 0 0 0 0 0 0 0 0 0 0 0 0 0 0 0 0 0 0 0 0 0 0 0 0 0]
[847042076139121049199829994465439356731386273678973989289555790679858673864232480970424414198686718813477389119270530194286784794856632731371899209664539 0 0 0 0 0 0 0 0 1 0 0 0 0 0 0 0 0 0 0 0 0 0 0 0 0 0 0 0 0 0 0 0 0 0 0 0 0 0 0 0 0 0 0 0 0 0 0 0 0 0]
[842687426415195077298709903193877803081251283776177187811087841162308640857827446181850359593922144083237004966465798510120537272953783025056309268706180 0 0 0 0 0 0 0 0 0 1 0 0 0 0 0 0 0 0 0 0 0 0 0 0 0 0 0 0 0 0 0 0 0 0 0 0 0 0 0 0 0 0 0 0 0 0 0 0 0 0]
[1485940963703692484892750195057786635053283273430100701657552110064793056539809170063813191637712174578545723527398863107525879135735092740188144480038990 0 0 0 0 0 0 0 0 0 0 1 0 0 0 0 0 0 0 0 0 0 0 0 0 0 0 0 0 0 0 0 0 0 0 0 0 0 0 0 0 0 0 0 0 0 0 0 0 0 0]
[2563659602046321666711744335152541912783173951438069212759072365004165383027651902862330872679749849085499978223970169368967724926497369651212248837777846 0 0 0 0 0 0 0 0 0 0 0 1 0 0 0 0 0 0 0 0 0 0 0 0 0 0 0 0 0 0 0 0 0 0 0 0 0 0 0 0 0 0 0 0 0 0 0 0 0 0]
[414984607382488123718627051041205119777108051059513499621166728970458125716396985510983844629117793586864280703638584236877644094067446576625886193792453 0 0 0 0 0 0 0 0 0 0 0 0 1 0 0 0 0 0 0 0 0 0 0 0 0 0 0 0 0 0 0 0 0 0 0 0 0 0 0 0 0 0 0 0 0 0 0 0 0 0]
[738370393102051290386061193390723489954859841167346949052227301315512926247808912214749476663853473928753677574379568001292306942172104989124032040895263 0 0 0 0 0 0 0 0 0 0 0 0 0 1 0 0 0 0 0 0 0 0 0 0 0 0 0 0 0 0 0 0 0 0 0 0 0 0 0 0 0 0 0 0 0 0 0 0 0 0]
[2128601140499198795310889479743140790942578035302852486608046442925321049021689286996442225144775677674071925000401408090774227167100587958486177321572486 0 0 0 0 0 0 0 0 0 0 0 0 0 0 1 0 0 0 0 0 0 0 0 0 0 0 0 0 0 0 0 0 0 0 0 0 0 0 0 0 0 0 0 0 0 0 0 0 0 0]
[630357115370383867277728263433426304840367448975450585953633577741326973778427423877724987828041594554562215021958202112505220633602599417707626296346284 0 0 0 0 0 0 0 0 0 0 0 0 0 0 0 1 0 0 0 0 0 0 0 0 0 0 0 0 0 0 0 0 0 0 0 0 0 0 0 0 0 0 0 0 0 0 0 0 0 0]
[1887341798424147284583019056290162282422521730309186046265381793656345429558622844737028796667349256006702809943783480542937302677274224667486590234251665 0 0 0 0 0 0 0 0 0 0 0 0 0 0 0 0 1 0 0 0 0 0 0 0 0 0 0 0 0 0 0 0 0 0 0 0 0 0 0 0 0 0 0 0 0 0 0 0 0 0]
[2176672370960667874918368364252954713761614404584291685871107654154117781668818160597608007840518487786769119452698421408367136206808132150260869041499413 0 0 0 0 0 0 0 0 0 0 0 0 0 0 0 0 0 1 0 0 0 0 0 0 0 0 0 0 0 0 0 0 0 0 0 0 0 0 0 0 0 0 0 0 0 0 0 0 0 0]
[2512611774969739598653602863466089671000833283768780745462768240501983079319340099393763217993102930096037140185966405534810929096025344691559020262477952 0 0 0 0 0 0 0 0 0 0 0 0 0 0 0 0 0 0 1 0 0 0 0 0 0 0 0 0 0 0 0 0 0 0 0 0 0 0 0 0 0 0 0 0 0 0 0 0 0 0]
[58006327609832978600934910756775357841255942393351739287825953981653719770882740371127935365857254513044280282993326031599279622063054952736609016459348 0 0 0 0 0 0 0 0 0 0 0 0 0 0 0 0 0 0 0 1 0 0 0 0 0 0 0 0 0 0 0 0 0 0 0 0 0 0 0 0 0 0 0 0 0 0 0 0 0 0]
[1924435340997128876473458458704096204950665958081251700493235352056830982013212674767243551534717557434382019866482586394965889546751668856088485541479380 0 0 0 0 0 0 0 0 0 0 0 0 0 0 0 0 0 0 0 0 1 0 0 0 0 0 0 0 0 0 0 0 0 0 0 0 0 0 0 0 0 0 0 0 0 0 0 0 0 0]
[1886063531843065445843739702091947296601975345316490052857177865944358277906094258012482978705968044496646809829317527295900699016718902652432362686305950 0 0 0 0 0 0 0 0 0 0 0 0 0 0 0 0 0 0 0 0 0 1 0 0 0 0 0 0 0 0 0 0 0 0 0 0 0 0 0 0 0 0 0 0 0 0 0 0 0 0]
[528300514324582843807086598826554490986127010931751720375338572559907599509982615848675537012744134109740335747311857192461114324214233242958261231617584 0 0 0 0 0 0 0 0 0 0 0 0 0 0 0 0 0 0 0 0 0 0 1 0 0 0 0 0 0 0 0 0 0 0 0 0 0 0 0 0 0 0 0 0 0 0 0 0 0 0]
[1949162638191606587130122136898063169005584071880769898012904463424609101588461284069467428336431213685324906926993744668848917996613050503860171466709703 0 0 0 0 0 0 0 0 0 0 0 0 0 0 0 0 0 0 0 0 0 0 0 1 0 0 0 0 0 0 0 0 0 0 0 0 0 0 0 0 0 0 0 0 0 0 0 0 0 0]
[2406710135294316116209717679688411680233637957495722445011210799358442242951168082462966582957069924790835530438959417536962435031882330495356503036840496 0 0 0 0 0 0 0 0 0 0 0 0 0 0 0 0 0 0 0 0 0 0 0 0 1 0 0 0 0 0 0 0 0 0 0 0 0 0 0 0 0 0 0 0 0 0 0 0 0 0]
[1806619361668912269166287412804373574288211851804588351463958234741375295808713651250048600448347411085912168460065537585730737949305009746061421495193437 0 0 0 0 0 0 0 0 0 0 0 0 0 0 0 0 0 0 0 0 0 0 0 0 0 1 0 0 0 0 0 0 0 0 0 0 0 0 0 0 0 0 0 0 0 0 0 0 0 0]
[1771715436029699492566580424227386180305632407691493190271065199199543954443448774795470252705242572288927879827205017436320168968039902859355294281207063 0 0 0 0 0 0 0 0 0 0 0 0 0 0 0 0 0 0 0 0 0 0 0 0 0 0 1 0 0 0 0 0 0 0 0 0 0 0 0 0 0 0 0 0 0 0 0 0 0 0]
[1280959592350590754393602610246115947654221504978466745960020837665284710909648702318846713399955739958398320860469766660384607521390285338779851191933461 0 0 0 0 0 0 0 0 0 0 0 0 0 0 0 0 0 0 0 0 0 0 0 0 0 0 0 1 0 0 0 0 0 0 0 0 0 0 0 0 0 0 0 0 0 0 0 0 0 0]
[118711875579464907237071021431902088234123720862759714513743798346968214231989984677695030446050834972928170530015015783709203485034410136713659935131361 0 0 0 0 0 0 0 0 0 0 0 0 0 0 0 0 0 0 0 0 0 0 0 0 0 0 0 0 1 0 0 0 0 0 0 0 0 0 0 0 0 0 0 0 0 0 0 0 0 0]
[600496015415856887505420289273133639481049244560203733540561917424415101178742078334345405848088845625390078604882373786370072641874063539268373998196083 0 0 0 0 0 0 0 0 0 0 0 0 0 0 0 0 0 0 0 0 0 0 0 0 0 0 0 0 0 1 0 0 0 0 0 0 0 0 0 0 0 0 0 0 0 0 0 0 0 0]
[2666020390124482036996450160720223009097082461431368717510169251508593138012409645348531819050155757963599174950209643412922447272233449432549892876374147 0 0 0 0 0 0 0 0 0 0 0 0 0 0 0 0 0 0 0 0 0 0 0 0 0 0 0 0 0 0 1 0 0 0 0 0 0 0 0 0 0 0 0 0 0 0 0 0 0 0]
[37862266223086223211386661549576783545594273152238047643532332147925791641552612864071573621676182866264690688331052589255756047918565159553380169797929 0 0 0 0 0 0 0 0 0 0 0 0 0 0 0 0 0 0 0 0 0 0 0 0 0 0 0 0 0 0 0 1 0 0 0 0 0 0 0 0 0 0 0 0 0 0 0 0 0 0]
[1012027580077949457476057262780910084398181671634694842519343000997622780959269820891054078964278246868074690920690385863350051432008295796046097665871125 0 0 0 0 0 0 0 0 0 0 0 0 0 0 0 0 0 0 0 0 0 0 0 0 0 0 0 0 0 0 0 0 1 0 0 0 0 0 0 0 0 0 0 0 0 0 0 0 0 0]
[839711214995893133859121830105687150584715578308500025396649665249917139771967114183907990899579786624543571584226310485371916623027388162296013186259007 0 0 0 0 0 0 0 0 0 0 0 0 0 0 0 0 0 0 0 0 0 0 0 0 0 0 0 0 0 0 0 0 0 1 0 0 0 0 0 0 0 0 0 0 0 0 0 0 0 0]
[1125976602850778173763187916673167282742913811453061899730072166066617148144409531765546589563826830799092813200654681547408147588387177752634383481825225 0 0 0 0 0 0 0 0 0 0 0 0 0 0 0 0 0 0 0 0 0 0 0 0 0 0 0 0 0 0 0 0 0 0 1 0 0 0 0 0 0 0 0 0 0 0 0 0 0 0]
[188845790280741159251406151000029079347269223635455386837254313615978734270171165943513855642416477943463077768157183577224232696566704246952033778895513 0 0 0 0 0 0 0 0 0 0 0 0 0 0 0 0 0 0 0 0 0 0 0 0 0 0 0 0 0 0 0 0 0 0 0 1 0 0 0 0 0 0 0 0 0 0 0 0 0 0]
[1465056515274882215163030014861163776524520271695749801113530266040390051729066722056684828381970617029221198279364733541175528505152462531715952823753045 0 0 0 0 0 0 0 0 0 0 0 0 0 0 0 0 0 0 0 0 0 0 0 0 0 0 0 0 0 0 0 0 0 0 0 0 1 0 0 0 0 0 0 0 0 0 0 0 0 0]
[2640173589261609903963451683403324282585430283774947756439546609491509219068128436923614886670842898744752213567131049532414036940191457932731290829019318 0 0 0 0 0 0 0 0 0 0 0 0 0 0 0 0 0 0 0 0 0 0 0 0 0 0 0 0 0 0 0 0 0 0 0 0 0 1 0 0 0 0 0 0 0 0 0 0 0 0]
[21695691282004070100681513050210200216713725372038684188503210955839295173125800501976764254234899794216504053639209698589396197653646489270852630281998 0 0 0 0 0 0 0 0 0 0 0 0 0 0 0 0 0 0 0 0 0 0 0 0 0 0 0 0 0 0 0 0 0 0 0 0 0 0 1 0 0 0 0 0 0 0 0 0 0 0]
[1747842328953728242779560696298533221879466294055826766461979898903768008717907793978862232598296612003603222824852281547671116029873715340657251241608397 0 0 0 0 0 0 0 0 0 0 0 0 0 0 0 0 0 0 0 0 0 0 0 0 0 0 0 0 0 0 0 0 0 0 0 0 0 0 0 1 0 0 0 0 0 0 0 0 0 0]
[1108723683892509293704472629423816979136194300257699744348288091899526049605045351320859730050275598043325786193409649912266293570596263561595278668509122 0 0 0 0 0 0 0 0 0 0 0 0 0 0 0 0 0 0 0 0 0 0 0 0 0 0 0 0 0 0 0 0 0 0 0 0 0 0 0 0 1 0 0 0 0 0 0 0 0 0]
[2347962516701729090283295082266080527838397679577800940112641358742849787517942575489614978477473971144924315983123690156238229985624430933488981950570179 0 0 0 0 0 0 0 0 0 0 0 0 0 0 0 0 0 0 0 0 0 0 0 0 0 0 0 0 0 0 0 0 0 0 0 0 0 0 0 0 0 1 0 0 0 0 0 0 0 0]
[2385457435709711408498402915353212671563385279941212091218596258229783526514589393204018663054778762834529613021957003164009569160197538719914812144051925 0 0 0 0 0 0 0 0 0 0 0 0 0 0 0 0 0 0 0 0 0 0 0 0 0 0 0 0 0 0 0 0 0 0 0 0 0 0 0 0 0 0 1 0 0 0 0 0 0 0]
[2829319477484755197391205680958579720864551485004873656977753519734224129990576034862687370409203172855425002866283436059486804981537910652101034166503204 0 0 0 0 0 0 0 0 0 0 0 0 0 0 0 0 0 0 0 0 0 0 0 0 0 0 0 0 0 0 0 0 0 0 0 0 0 0 0 0 0 0 0 1 0 0 0 0 0 0]
[2628908965199416831471177080236509917005433020119151092064417187527303328826017155866124171444666159388649367324051299985323616752154949831272627361756046 0 0 0 0 0 0 0 0 0 0 0 0 0 0 0 0 0 0 0 0 0 0 0 0 0 0 0 0 0 0 0 0 0 0 0 0 0 0 0 0 0 0 0 0 1 0 0 0 0 0]
[729401355266155078195534507176931848181858038395453541329389366000474389575816728002748882980132323357163060303380803890218104767250426062201781503000579 0 0 0 0 0 0 0 0 0 0 0 0 0 0 0 0 0 0 0 0 0 0 0 0 0 0 0 0 0 0 0 0 0 0 0 0 0 0 0 0 0 0 0 0 0 1 0 0 0 0]
[323898927223510460070820492912128175246931364894424142235372666522901557691173636664960731675045762224005062648749663226771504131584229567034711301703911 0 0 0 0 0 0 0 0 0 0 0 0 0 0 0 0 0 0 0 0 0 0 0 0 0 0 0 0 0 0 0 0 0 0 0 0 0 0 0 0 0 0 0 0 0 0 1 0 0 0]
[810070555713500156289108884279883139353996427246859501719838212018607246019962045435642766871896298564917368362739469940250026286679907882032232741409139 0 0 0 0 0 0 0 0 0 0 0 0 0 0 0 0 0 0 0 0 0 0 0 0 0 0 0 0 0 0 0 0 0 0 0 0 0 0 0 0 0 0 0 0 0 0 0 1 0 0]
[1277994560711011942100433299601736578678037719156708465169778162529308631981962477317388202399979623037729602744741736039054734779250743964354190820646725 0 0 0 0 0 0 0 0 0 0 0 0 0 0 0 0 0 0 0 0 0 0 0 0 0 0 0 0 0 0 0 0 0 0 0 0 0 0 0 0 0 0 0 0 0 0 0 0 1 0]
[112704731483350253841999702253116307547993518360811691109497868079137946339236071088060743662503197789034991030813729081917168724357391918561792784793589 0 0 0 0 0 0 0 0 0 0 0 0 0 0 0 0 0 0 0 0 0 0 0 0 0 0 0 0 0 0 0 0 0 0 0 0 0 0 0 0 0 0 0 0 0 0 0 0 0 1]
]

//seed 1435 (779位 = 51次元トップの人と同じシード値)