[[5008553988318422914362315358722803462781690719102259076631475417278427373819097575592365929720525249771779505413858069589436284611835365806429568179835052700532529346874073849305480431680638122985826899729424619321379144078894365086934043081 0 0 0 0 0 0 0 0 0 0 0 0 0 0 0 0 0 0 0 0 0 0 0 0 0 0 0 0 0 0 0 0 0 0 0 0 0 0 0 0 0 0 0 0 0 0 0 0 0 0 0 0 0 0 0 0 0 0 0 0 0 0 0 0 0 0 0 0 0 0 0 0 0 0 0 0 0 0 0]
[2249645619380624552574376601800172129478642058258635955286781511261989198615372311540425347618345685021805133246419434413513995587656827338266240133937432788792789904159325651001238018569060523005995863719847356267636653015585664684502724911 1 0 0 0 0 0 0 0 0 0 0 0 0 0 0 0 0 0 0 0 0 0 0 0 0 0 0 0 0 0 0 0 0 0 0 0 0 0 0 0 0 0 0 0 0 0 0 0 0 0 0 0 0 0 0 0 0 0 0 0 0 0 0 0 0 0 0 0 0 0 0 0 0 0 0 0 0 0 0]
[3897873112096698429594536903994346430218779509933769630971501408018673969066239411373837804390868905040952915205545948319747591531616402198473222914011232081696371884661514715997694232560325998116352063054659483634733498740747964926372255544 0 1 0 0 0 0 0 0 0 0 0 0 0 0 0 0 0 0 0 0 0 0 0 0 0 0 0 0 0 0 0 0 0 0 0 0 0 0 0 0 0 0 0 0 0 0 0 0 0 0 0 0 0 0 0 0 0 0 0 0 0 0 0 0 0 0 0 0 0 0 0 0 0 0 0 0 0 0 0]
[2366054457979394782036790749915362295289042056468850614876510564078684829468148353916896845412567904939254949277241015310407927158526927593320397674854562326909820356262506700837031892524535833091542545689151308010256563152785754526116534040 0 0 1 0 0 0 0 0 0 0 0 0 0 0 0 0 0 0 0 0 0 0 0 0 0 0 0 0 0 0 0 0 0 0 0 0 0 0 0 0 0 0 0 0 0 0 0 0 0 0 0 0 0 0 0 0 0 0 0 0 0 0 0 0 0 0 0 0 0 0 0 0 0 0 0 0 0 0 0]
[1012874664928527125383506416673569598120373881611450423818372649465207672273421132327960993131587014904245919216904818399089622007216375978778925335153342785052158473023122914711899200761048735684171482577596790164986246500688485239686904599 0 0 0 1 0 0 0 0 0 0 0 0 0 0 0 0 0 0 0 0 0 0 0 0 0 0 0 0 0 0 0 0 0 0 0 0 0 0 0 0 0 0 0 0 0 0 0 0 0 0 0 0 0 0 0 0 0 0 0 0 0 0 0 0 0 0 0 0 0 0 0 0 0 0 0 0 0 0 0]
[2363061004545571449541538260203649756856555085495127043667038798357692316589277557195143572285222611572508816712729046658904883701652247492288863810192556817233109827435416073414212343374197609607589953587233395426586262715308950061714236587 0 0 0 0 1 0 0 0 0 0 0 0 0 0 0 0 0 0 0 0 0 0 0 0 0 0 0 0 0 0 0 0 0 0 0 0 0 0 0 0 0 0 0 0 0 0 0 0 0 0 0 0 0 0 0 0 0 0 0 0 0 0 0 0 0 0 0 0 0 0 0 0 0 0 0 0 0 0 0]
[4428855135925152102876237587039626033418638093728275549486724521285766143005851957669974972393677717639120251963823154467101682232909385251356487925259689896713285580148884318725425940063842488408836037159771890456147074794790165256052694072 0 0 0 0 0 1 0 0 0 0 0 0 0 0 0 0 0 0 0 0 0 0 0 0 0 0 0 0 0 0 0 0 0 0 0 0 0 0 0 0 0 0 0 0 0 0 0 0 0 0 0 0 0 0 0 0 0 0 0 0 0 0 0 0 0 0 0 0 0 0 0 0 0 0 0 0 0 0 0]
[2923099032354958600270661670745351505084337504613321232386961125594137725043304237466793968303174601378577591434402458330906314484430301978556954001626192206304761031334105326960129151535873436612728109748162979323184613447336061459062140606 0 0 0 0 0 0 1 0 0 0 0 0 0 0 0 0 0 0 0 0 0 0 0 0 0 0 0 0 0 0 0 0 0 0 0 0 0 0 0 0 0 0 0 0 0 0 0 0 0 0 0 0 0 0 0 0 0 0 0 0 0 0 0 0 0 0 0 0 0 0 0 0 0 0 0 0 0 0 0]
[507016696776883944522339273443979160377275889224601393822671303700722700994121664249860071799874202199405059341375659296553391544547672273617515901590022712939570517727153011051101629077246499294879133726850406386031399902277915081288094229 0 0 0 0 0 0 0 1 0 0 0 0 0 0 0 0 0 0 0 0 0 0 0 0 0 0 0 0 0 0 0 0 0 0 0 0 0 0 0 0 0 0 0 0 0 0 0 0 0 0 0 0 0 0 0 0 0 0 0 0 0 0 0 0 0 0 0 0 0 0 0 0 0 0 0 0 0 0 0]
[581539623291250161217771944922206752591568294562222020334107487547797040831208547063501481527081459018293350962961291728830604106774263973145897083774021680183929309103684585207369574627890279645073841051119513257906390951078152165156432056 0 0 0 0 0 0 0 0 1 0 0 0 0 0 0 0 0 0 0 0 0 0 0 0 0 0 0 0 0 0 0 0 0 0 0 0 0 0 0 0 0 0 0 0 0 0 0 0 0 0 0 0 0 0 0 0 0 0 0 0 0 0 0 0 0 0 0 0 0 0 0 0 0 0 0 0 0 0 0]
[44787740634129324159560706676411517813987310705966290795599839036756894830075079094119973018843425929944454498719116849118705455304294889542436715818537785811369663526333784853149878351867346695266839260680540483908944867328777297601649808 0 0 0 0 0 0 0 0 0 1 0 0 0 0 0 0 0 0 0 0 0 0 0 0 0 0 0 0 0 0 0 0 0 0 0 0 0 0 0 0 0 0 0 0 0 0 0 0 0 0 0 0 0 0 0 0 0 0 0 0 0 0 0 0 0 0 0 0 0 0 0 0 0 0 0 0 0 0 0]
[380047977637454605115140796436977209656523710000476553026744192466105951784363788543085470040133119475558748927739502551117419805218597531477664276636189625388615851872920307277418358490509598269712133004330256615165019290122166822106972357 0 0 0 0 0 0 0 0 0 0 1 0 0 0 0 0 0 0 0 0 0 0 0 0 0 0 0 0 0 0 0 0 0 0 0 0 0 0 0 0 0 0 0 0 0 0 0 0 0 0 0 0 0 0 0 0 0 0 0 0 0 0 0 0 0 0 0 0 0 0 0 0 0 0 0 0 0 0 0]
[1635012736188035618755471824327910553585347195803524732229041703109440079137515434457855255705579749134165993548381819515696143448986730093188827078531078517592445022545261134625488107664309435438037953881812622283842630531097083274850030029 0 0 0 0 0 0 0 0 0 0 0 1 0 0 0 0 0 0 0 0 0 0 0 0 0 0 0 0 0 0 0 0 0 0 0 0 0 0 0 0 0 0 0 0 0 0 0 0 0 0 0 0 0 0 0 0 0 0 0 0 0 0 0 0 0 0 0 0 0 0 0 0 0 0 0 0 0 0 0]
[223722085163261698725628142169653004181714484892390308214207193232824136795932723654820006202301264732189873297774876450064956059145033700680637399595580803295177318581551359982421100853664140782882977434553600749405830839174323635431339803 0 0 0 0 0 0 0 0 0 0 0 0 1 0 0 0 0 0 0 0 0 0 0 0 0 0 0 0 0 0 0 0 0 0 0 0 0 0 0 0 0 0 0 0 0 0 0 0 0 0 0 0 0 0 0 0 0 0 0 0 0 0 0 0 0 0 0 0 0 0 0 0 0 0 0 0 0 0 0]
[97195269033542436217364069754087324218082034579411992872125139004994076663886349202140195788712861097304809867089030003952295149706898609962074541557359418669199524127271607605416038701170236503009223391616374676729699153183471661818907608 0 0 0 0 0 0 0 0 0 0 0 0 0 1 0 0 0 0 0 0 0 0 0 0 0 0 0 0 0 0 0 0 0 0 0 0 0 0 0 0 0 0 0 0 0 0 0 0 0 0 0 0 0 0 0 0 0 0 0 0 0 0 0 0 0 0 0 0 0 0 0 0 0 0 0 0 0 0 0]
[1770851491763702565834223921827628361475319069542517557399875757979097555874703418159100914332122158506855586200085197436444174074827346595893790764518482210952564452304598542557925969818759098812850046589717721062274387297712024098137337113 0 0 0 0 0 0 0 0 0 0 0 0 0 0 1 0 0 0 0 0 0 0 0 0 0 0 0 0 0 0 0 0 0 0 0 0 0 0 0 0 0 0 0 0 0 0 0 0 0 0 0 0 0 0 0 0 0 0 0 0 0 0 0 0 0 0 0 0 0 0 0 0 0 0 0 0 0 0 0]
[2900157005445325309640209157292685587395200552266469111714569304888727692607900765309163328369978132377711027656817565773436235566501557843308602381038565762256537809136625520308097101204849020392268133533774447118013025905858221283315626856 0 0 0 0 0 0 0 0 0 0 0 0 0 0 0 1 0 0 0 0 0 0 0 0 0 0 0 0 0 0 0 0 0 0 0 0 0 0 0 0 0 0 0 0 0 0 0 0 0 0 0 0 0 0 0 0 0 0 0 0 0 0 0 0 0 0 0 0 0 0 0 0 0 0 0 0 0 0 0]
[2911404440288787739470609055052941213672447918744604914093104110826902838762139280210113981311238569987625914116964716441888116601307824574941743724594156347392781228915286999480300630074996064393894367881905672473810838495944650871680326658 0 0 0 0 0 0 0 0 0 0 0 0 0 0 0 0 1 0 0 0 0 0 0 0 0 0 0 0 0 0 0 0 0 0 0 0 0 0 0 0 0 0 0 0 0 0 0 0 0 0 0 0 0 0 0 0 0 0 0 0 0 0 0 0 0 0 0 0 0 0 0 0 0 0 0 0 0 0 0]
[772016867152569796733802497954922421709064825651419269795262523592317484097658251122121693211896641366336213257785899178891189379119156538085791516292976521429025176991806295481567480282125404498672894062112257065725502080417319036493358745 0 0 0 0 0 0 0 0 0 0 0 0 0 0 0 0 0 1 0 0 0 0 0 0 0 0 0 0 0 0 0 0 0 0 0 0 0 0 0 0 0 0 0 0 0 0 0 0 0 0 0 0 0 0 0 0 0 0 0 0 0 0 0 0 0 0 0 0 0 0 0 0 0 0 0 0 0 0 0]
[2464429437049503642449401822271021845608642918527092519559401764753699686722905327025866932149935259052630599976048689588705671732094210727046128876592948722657110189241698928492620197876712908646339979742819875557575804308122894588219644985 0 0 0 0 0 0 0 0 0 0 0 0 0 0 0 0 0 0 1 0 0 0 0 0 0 0 0 0 0 0 0 0 0 0 0 0 0 0 0 0 0 0 0 0 0 0 0 0 0 0 0 0 0 0 0 0 0 0 0 0 0 0 0 0 0 0 0 0 0 0 0 0 0 0 0 0 0 0 0]
[427849453248486251522379380099372088003426964984384637331227699497411219592014409271421135668862826768009239224577113011676833350877265864846670296203348236376055117140279611362933785267472190116300581500453365479582403949040035142228686147 0 0 0 0 0 0 0 0 0 0 0 0 0 0 0 0 0 0 0 1 0 0 0 0 0 0 0 0 0 0 0 0 0 0 0 0 0 0 0 0 0 0 0 0 0 0 0 0 0 0 0 0 0 0 0 0 0 0 0 0 0 0 0 0 0 0 0 0 0 0 0 0 0 0 0 0 0 0 0]
[1220208066753310014294532761676943468859437909384334146554357718277687084061866942623148989082723357497864773531806905901866546409497851226429752013138814728522309528914546214646242840520103529010905743414381577575335040318938063024614396681 0 0 0 0 0 0 0 0 0 0 0 0 0 0 0 0 0 0 0 0 1 0 0 0 0 0 0 0 0 0 0 0 0 0 0 0 0 0 0 0 0 0 0 0 0 0 0 0 0 0 0 0 0 0 0 0 0 0 0 0 0 0 0 0 0 0 0 0 0 0 0 0 0 0 0 0 0 0 0]
[4628143653278659963411186294471509386349472024584976731167475492601339145037813068794345635911800891823822736258583217642948458042575899415324485598478310996294649983630789375718273216723518639767189199290890216811117133651462522954702390511 0 0 0 0 0 0 0 0 0 0 0 0 0 0 0 0 0 0 0 0 0 1 0 0 0 0 0 0 0 0 0 0 0 0 0 0 0 0 0 0 0 0 0 0 0 0 0 0 0 0 0 0 0 0 0 0 0 0 0 0 0 0 0 0 0 0 0 0 0 0 0 0 0 0 0 0 0 0 0]
[2716837486812423784415645343087808679377939939402404813334535236456484532188616306658722647524862042801615506568752185016157909832096025056215240495974014628232075630865595775632745323085373507608464896270865446348223359736931535150200117017 0 0 0 0 0 0 0 0 0 0 0 0 0 0 0 0 0 0 0 0 0 0 1 0 0 0 0 0 0 0 0 0 0 0 0 0 0 0 0 0 0 0 0 0 0 0 0 0 0 0 0 0 0 0 0 0 0 0 0 0 0 0 0 0 0 0 0 0 0 0 0 0 0 0 0 0 0 0 0]
[1698688709169258756598931665975743785520105514815668431930480018393362839691026080450072756234340418462181035802620872451486566126667645871008607007323404672748181760613454225565947891382817916404255996381971267278812294186998876952930140232 0 0 0 0 0 0 0 0 0 0 0 0 0 0 0 0 0 0 0 0 0 0 0 1 0 0 0 0 0 0 0 0 0 0 0 0 0 0 0 0 0 0 0 0 0 0 0 0 0 0 0 0 0 0 0 0 0 0 0 0 0 0 0 0 0 0 0 0 0 0 0 0 0 0 0 0 0 0 0]
[200422878592044048810816869301050503981790350481074631511189339216705167009731373486962686456520936077536128595376621316563052356968673723878433059762359296876210514324577551102541985844464419713393968333089546844168504576730245517942687145 0 0 0 0 0 0 0 0 0 0 0 0 0 0 0 0 0 0 0 0 0 0 0 0 1 0 0 0 0 0 0 0 0 0 0 0 0 0 0 0 0 0 0 0 0 0 0 0 0 0 0 0 0 0 0 0 0 0 0 0 0 0 0 0 0 0 0 0 0 0 0 0 0 0 0 0 0 0 0]
[4425831709580729747274220348136299429088903593719956837823900326608451137854601198755481994432697437445852714212766728183364193402773086627267758813537110478106866252764929890487759388392064478936315986259054224168192904502754085652080431992 0 0 0 0 0 0 0 0 0 0 0 0 0 0 0 0 0 0 0 0 0 0 0 0 0 1 0 0 0 0 0 0 0 0 0 0 0 0 0 0 0 0 0 0 0 0 0 0 0 0 0 0 0 0 0 0 0 0 0 0 0 0 0 0 0 0 0 0 0 0 0 0 0 0 0 0 0 0 0]
[4157763290258692935420630391079264213129900013683944805576688825951005956192943015170421475869349400758649546252417490537074821296581824237081242049324722800652392190004339302610085348750678558357537109679751738917580712005933330175924042034 0 0 0 0 0 0 0 0 0 0 0 0 0 0 0 0 0 0 0 0 0 0 0 0 0 0 1 0 0 0 0 0 0 0 0 0 0 0 0 0 0 0 0 0 0 0 0 0 0 0 0 0 0 0 0 0 0 0 0 0 0 0 0 0 0 0 0 0 0 0 0 0 0 0 0 0 0 0 0]
[3004014922887741240379257891143708418357446883648681267802809545323742486819062889880766907730738611852206978920586773452408086396725911827404758348936660650461398236947781306345490963974729026107511320460272229025087362636536309162650774063 0 0 0 0 0 0 0 0 0 0 0 0 0 0 0 0 0 0 0 0 0 0 0 0 0 0 0 1 0 0 0 0 0 0 0 0 0 0 0 0 0 0 0 0 0 0 0 0 0 0 0 0 0 0 0 0 0 0 0 0 0 0 0 0 0 0 0 0 0 0 0 0 0 0 0 0 0 0 0]
[4060686296580054394339349088692916383723708666639036897550013711037600666294004626732882448602123063083146905755821759623349968588603447510089269431723271639245911787902226289509643470337550528248949968833504744776841863177300873774641650787 0 0 0 0 0 0 0 0 0 0 0 0 0 0 0 0 0 0 0 0 0 0 0 0 0 0 0 0 1 0 0 0 0 0 0 0 0 0 0 0 0 0 0 0 0 0 0 0 0 0 0 0 0 0 0 0 0 0 0 0 0 0 0 0 0 0 0 0 0 0 0 0 0 0 0 0 0 0 0]
[3298728226129659038437785027111603613358828797297396013279411627359257111283721143527462588508379020780683460080985762394423500076560595355282732676362730666379218043976646843982174957924537671484794418986840427766907254769913275847031526790 0 0 0 0 0 0 0 0 0 0 0 0 0 0 0 0 0 0 0 0 0 0 0 0 0 0 0 0 0 1 0 0 0 0 0 0 0 0 0 0 0 0 0 0 0 0 0 0 0 0 0 0 0 0 0 0 0 0 0 0 0 0 0 0 0 0 0 0 0 0 0 0 0 0 0 0 0 0 0]
[4303655567024476263694971204087841081881008303584984657016029620181740251812777299156350711735129062757302566603034963161978839828141832973054221909887306241645214653755866305148737258694472719312354448456548974222893321438507789460858768221 0 0 0 0 0 0 0 0 0 0 0 0 0 0 0 0 0 0 0 0 0 0 0 0 0 0 0 0 0 0 1 0 0 0 0 0 0 0 0 0 0 0 0 0 0 0 0 0 0 0 0 0 0 0 0 0 0 0 0 0 0 0 0 0 0 0 0 0 0 0 0 0 0 0 0 0 0 0 0]
[2441502151118397341885259300615257733544924819511125860310224257080625822517745417789763525177293910358553509268818332850902749403195494854240432458484183718405308702737967121243452336296644393386027636249188845098696581490063758648442960060 0 0 0 0 0 0 0 0 0 0 0 0 0 0 0 0 0 0 0 0 0 0 0 0 0 0 0 0 0 0 0 1 0 0 0 0 0 0 0 0 0 0 0 0 0 0 0 0 0 0 0 0 0 0 0 0 0 0 0 0 0 0 0 0 0 0 0 0 0 0 0 0 0 0 0 0 0 0 0]
[3901466994129036901041886330080471402672394585708924269383833583272187112346491690989818701031267798541653949721415543244185003975687725158300961722168016518777336847996672320304216519537633251313522417309305225020500897280742554579187575032 0 0 0 0 0 0 0 0 0 0 0 0 0 0 0 0 0 0 0 0 0 0 0 0 0 0 0 0 0 0 0 0 1 0 0 0 0 0 0 0 0 0 0 0 0 0 0 0 0 0 0 0 0 0 0 0 0 0 0 0 0 0 0 0 0 0 0 0 0 0 0 0 0 0 0 0 0 0 0]
[2973033293934975929828829682138556246270963523184241804219852790803393567271211454387035276308819094704419068757107611547362164539072636211983289192935210934418283038990164202508060216818368455351269957370234644259141786386640062909916573544 0 0 0 0 0 0 0 0 0 0 0 0 0 0 0 0 0 0 0 0 0 0 0 0 0 0 0 0 0 0 0 0 0 1 0 0 0 0 0 0 0 0 0 0 0 0 0 0 0 0 0 0 0 0 0 0 0 0 0 0 0 0 0 0 0 0 0 0 0 0 0 0 0 0 0 0 0 0 0]
[3056197914493047441635275294193392694196399310833338994125809452660438413546673004906804322011116174448629031623688097650411198083505436260652931312260612366326966863434577166150780838933670028445312093869664493689365373778347435150210755350 0 0 0 0 0 0 0 0 0 0 0 0 0 0 0 0 0 0 0 0 0 0 0 0 0 0 0 0 0 0 0 0 0 0 1 0 0 0 0 0 0 0 0 0 0 0 0 0 0 0 0 0 0 0 0 0 0 0 0 0 0 0 0 0 0 0 0 0 0 0 0 0 0 0 0 0 0 0 0]
[1918446771588518260305175372696168170415198800730062710557879056497122298836910275190959761103133855153166772410980887916702615268657589545617516273798372101340125663141655229992855523071104650860879764366682683582819648725890273355528185298 0 0 0 0 0 0 0 0 0 0 0 0 0 0 0 0 0 0 0 0 0 0 0 0 0 0 0 0 0 0 0 0 0 0 0 1 0 0 0 0 0 0 0 0 0 0 0 0 0 0 0 0 0 0 0 0 0 0 0 0 0 0 0 0 0 0 0 0 0 0 0 0 0 0 0 0 0 0 0]
[4900850174857479337104917351518763464812859868848721995958678851129813384010537398526454092628950725598820375419470966724379827871255925059343773704961233365082022036812085321094021897051157063814846336162867161147730196372878573499832867510 0 0 0 0 0 0 0 0 0 0 0 0 0 0 0 0 0 0 0 0 0 0 0 0 0 0 0 0 0 0 0 0 0 0 0 0 1 0 0 0 0 0 0 0 0 0 0 0 0 0 0 0 0 0 0 0 0 0 0 0 0 0 0 0 0 0 0 0 0 0 0 0 0 0 0 0 0 0 0]
[4206953724585354063894453974310932657393111455778782202137617022440224246858135954109138892239126134010574413036680303215512547575136848558653104503419354700458548661036872194366637724584465766252562333683163688037435792135650420100465440165 0 0 0 0 0 0 0 0 0 0 0 0 0 0 0 0 0 0 0 0 0 0 0 0 0 0 0 0 0 0 0 0 0 0 0 0 0 1 0 0 0 0 0 0 0 0 0 0 0 0 0 0 0 0 0 0 0 0 0 0 0 0 0 0 0 0 0 0 0 0 0 0 0 0 0 0 0 0 0]
[1119528773331091200195565669145529201746539652103364181962829013192649192352492673451366780441014323809939531013663308440050198287176928533011736005404532045699087546708660996399819882201446456638242862312176107310764541061619536388674648338 0 0 0 0 0 0 0 0 0 0 0 0 0 0 0 0 0 0 0 0 0 0 0 0 0 0 0 0 0 0 0 0 0 0 0 0 0 0 1 0 0 0 0 0 0 0 0 0 0 0 0 0 0 0 0 0 0 0 0 0 0 0 0 0 0 0 0 0 0 0 0 0 0 0 0 0 0 0 0]
[2241859797715572807947615540981168541755499861195587748840717128257444521625396701786241847634989160722924873511007178668973513131650225127854186749341442539291209812567852354394073021105980426072886700902002174097502935312674636139181332836 0 0 0 0 0 0 0 0 0 0 0 0 0 0 0 0 0 0 0 0 0 0 0 0 0 0 0 0 0 0 0 0 0 0 0 0 0 0 0 1 0 0 0 0 0 0 0 0 0 0 0 0 0 0 0 0 0 0 0 0 0 0 0 0 0 0 0 0 0 0 0 0 0 0 0 0 0 0 0]
[4429896168849271351733294678019857240394349177961966295555244834496585115872126056230594706674982065887002074837390723142727541607790447321401942648367794971242876569068030165567575442083172714036112468959205889402161941797283578851914461270 0 0 0 0 0 0 0 0 0 0 0 0 0 0 0 0 0 0 0 0 0 0 0 0 0 0 0 0 0 0 0 0 0 0 0 0 0 0 0 0 1 0 0 0 0 0 0 0 0 0 0 0 0 0 0 0 0 0 0 0 0 0 0 0 0 0 0 0 0 0 0 0 0 0 0 0 0 0 0]
[3681941527128368714095225843973331207954356003758207137861108725310761454159222962165311311980045838668925002392804318277307383304072022686578893171852391807226301092265266152552436241812033662400228516495248525407893586343594784219817360014 0 0 0 0 0 0 0 0 0 0 0 0 0 0 0 0 0 0 0 0 0 0 0 0 0 0 0 0 0 0 0 0 0 0 0 0 0 0 0 0 0 1 0 0 0 0 0 0 0 0 0 0 0 0 0 0 0 0 0 0 0 0 0 0 0 0 0 0 0 0 0 0 0 0 0 0 0 0 0]
[2715019927148557224031258572373964103879558507387699291908908628467599774206364327418652080614210014590465601429515465003331491712564353039926944136853978664633621714497019645581617644910450656212452053588282081449042664651385276882629877010 0 0 0 0 0 0 0 0 0 0 0 0 0 0 0 0 0 0 0 0 0 0 0 0 0 0 0 0 0 0 0 0 0 0 0 0 0 0 0 0 0 0 1 0 0 0 0 0 0 0 0 0 0 0 0 0 0 0 0 0 0 0 0 0 0 0 0 0 0 0 0 0 0 0 0 0 0 0 0]
[2003292794439554292093226333368216481621747957459823148679908447024889033482227447697211129063228524574159032524791052878481005555962745742770476798400552177529686423147824961060508341807563284180787673270118228052765518453439839365784282317 0 0 0 0 0 0 0 0 0 0 0 0 0 0 0 0 0 0 0 0 0 0 0 0 0 0 0 0 0 0 0 0 0 0 0 0 0 0 0 0 0 0 0 1 0 0 0 0 0 0 0 0 0 0 0 0 0 0 0 0 0 0 0 0 0 0 0 0 0 0 0 0 0 0 0 0 0 0 0]
[622301261667336184613758417703368302224723797285504311102355056219482568858697649886148965347741238112556055774913337069199422352663160718637875562227009050927583560261606680365578900784498300213546031439465680362074845012188092091782894467 0 0 0 0 0 0 0 0 0 0 0 0 0 0 0 0 0 0 0 0 0 0 0 0 0 0 0 0 0 0 0 0 0 0 0 0 0 0 0 0 0 0 0 0 1 0 0 0 0 0 0 0 0 0 0 0 0 0 0 0 0 0 0 0 0 0 0 0 0 0 0 0 0 0 0 0 0 0 0]
[4895949628994019394240816682207697740796978793202078055521007385610778131278434978632190148392592791567790635902722299006796830402366737868802545111637551265226138638686056156603906944972622748402106591289637175283065855316437815407621273319 0 0 0 0 0 0 0 0 0 0 0 0 0 0 0 0 0 0 0 0 0 0 0 0 0 0 0 0 0 0 0 0 0 0 0 0 0 0 0 0 0 0 0 0 0 1 0 0 0 0 0 0 0 0 0 0 0 0 0 0 0 0 0 0 0 0 0 0 0 0 0 0 0 0 0 0 0 0 0]
[393260790352352475338727954352060090620664550471861758940326090873756681176674541002456343444401371501953686576278580196744987377869140268522491222122698309627666283470673338207142468527357789043501054927316845256369048142796384831068727772 0 0 0 0 0 0 0 0 0 0 0 0 0 0 0 0 0 0 0 0 0 0 0 0 0 0 0 0 0 0 0 0 0 0 0 0 0 0 0 0 0 0 0 0 0 0 1 0 0 0 0 0 0 0 0 0 0 0 0 0 0 0 0 0 0 0 0 0 0 0 0 0 0 0 0 0 0 0 0]
[3345136636335644240910770527797709797683157692809642528179445866654416592013465284969810736170826863947370382910729743069909687493757002876902763211389981033283635983111812456440289067608273299895099891889934307796847338110722993234952535009 0 0 0 0 0 0 0 0 0 0 0 0 0 0 0 0 0 0 0 0 0 0 0 0 0 0 0 0 0 0 0 0 0 0 0 0 0 0 0 0 0 0 0 0 0 0 0 1 0 0 0 0 0 0 0 0 0 0 0 0 0 0 0 0 0 0 0 0 0 0 0 0 0 0 0 0 0 0 0]
[377875759280563939733316661216279988450571110584196900627000683379890961997662423478125297383481301741740812053461464088611217759470429887149880653370299126732852561993641528481269970605798296814144705692808497600381221148110696930462424471 0 0 0 0 0 0 0 0 0 0 0 0 0 0 0 0 0 0 0 0 0 0 0 0 0 0 0 0 0 0 0 0 0 0 0 0 0 0 0 0 0 0 0 0 0 0 0 0 1 0 0 0 0 0 0 0 0 0 0 0 0 0 0 0 0 0 0 0 0 0 0 0 0 0 0 0 0 0 0]
[4469796233230404394377810382767472709955568810187341082823105295479153857766147213578900281590506578839315410229156100172043121831097123047084176299906992829291418051221953393544179585125655830165414343074477266070861163595216954524462065280 0 0 0 0 0 0 0 0 0 0 0 0 0 0 0 0 0 0 0 0 0 0 0 0 0 0 0 0 0 0 0 0 0 0 0 0 0 0 0 0 0 0 0 0 0 0 0 0 0 1 0 0 0 0 0 0 0 0 0 0 0 0 0 0 0 0 0 0 0 0 0 0 0 0 0 0 0 0 0]
[3617521097976843412146502219451725031569034193647842974408395393486257614613062782997106739183104441007765425153097399975454092224081224049814622205064886197549005320497515910562915288169701980692874821300326598823608452967064500191370776942 0 0 0 0 0 0 0 0 0 0 0 0 0 0 0 0 0 0 0 0 0 0 0 0 0 0 0 0 0 0 0 0 0 0 0 0 0 0 0 0 0 0 0 0 0 0 0 0 0 0 1 0 0 0 0 0 0 0 0 0 0 0 0 0 0 0 0 0 0 0 0 0 0 0 0 0 0 0 0]
[514940549897661234330747429474982671855216968400544266777415531552938604091976601429542331324450974842500569954642339637796799128272873407212425867784039394757687633317629106342810569288872053352861857909708131981636541597348056496876947981 0 0 0 0 0 0 0 0 0 0 0 0 0 0 0 0 0 0 0 0 0 0 0 0 0 0 0 0 0 0 0 0 0 0 0 0 0 0 0 0 0 0 0 0 0 0 0 0 0 0 0 1 0 0 0 0 0 0 0 0 0 0 0 0 0 0 0 0 0 0 0 0 0 0 0 0 0 0 0]
[3267337331098203571978479748926565485941752425853212685946106703079763592463023442251142611367347499562682848400080755024800644289765020670166621008643786183666601496269126194882059408232715406849991415943217656367219384276867300973399015447 0 0 0 0 0 0 0 0 0 0 0 0 0 0 0 0 0 0 0 0 0 0 0 0 0 0 0 0 0 0 0 0 0 0 0 0 0 0 0 0 0 0 0 0 0 0 0 0 0 0 0 0 1 0 0 0 0 0 0 0 0 0 0 0 0 0 0 0 0 0 0 0 0 0 0 0 0 0 0]
[1295978207497815066770350845840287310162009011060290139693787020254721461676656441817030089322400204359143359490552841262367206789014834795042466960089764710031978429715202696761862228961711529462782879284301833602208786253467793803785018356 0 0 0 0 0 0 0 0 0 0 0 0 0 0 0 0 0 0 0 0 0 0 0 0 0 0 0 0 0 0 0 0 0 0 0 0 0 0 0 0 0 0 0 0 0 0 0 0 0 0 0 0 0 1 0 0 0 0 0 0 0 0 0 0 0 0 0 0 0 0 0 0 0 0 0 0 0 0 0]
[4957289602044820716991163850952303900160783351611209434344273039258052236597858653596994564206802899088181588765035562349439929726536332779521501180421407203826744052780751961438193041930613585706421354747181143288127877939333477991129197357 0 0 0 0 0 0 0 0 0 0 0 0 0 0 0 0 0 0 0 0 0 0 0 0 0 0 0 0 0 0 0 0 0 0 0 0 0 0 0 0 0 0 0 0 0 0 0 0 0 0 0 0 0 0 1 0 0 0 0 0 0 0 0 0 0 0 0 0 0 0 0 0 0 0 0 0 0 0 0]
[1467242889524321347051882625248455447994483354225229393583446908860734659782993392542549879734357789352704314769660137368586894266550078001665742460374221176387191101937352330611508741306556295308737370792260937800487185493876132552493679417 0 0 0 0 0 0 0 0 0 0 0 0 0 0 0 0 0 0 0 0 0 0 0 0 0 0 0 0 0 0 0 0 0 0 0 0 0 0 0 0 0 0 0 0 0 0 0 0 0 0 0 0 0 0 0 1 0 0 0 0 0 0 0 0 0 0 0 0 0 0 0 0 0 0 0 0 0 0 0]
[2878885454246177110149070301969221595596721068603958104652242709974575612203023960717919264205668775646733839984830836429607475019779321882202896026269432203896092690310149063726447160046700121485257391871557168129412642204385828053627117013 0 0 0 0 0 0 0 0 0 0 0 0 0 0 0 0 0 0 0 0 0 0 0 0 0 0 0 0 0 0 0 0 0 0 0 0 0 0 0 0 0 0 0 0 0 0 0 0 0 0 0 0 0 0 0 0 1 0 0 0 0 0 0 0 0 0 0 0 0 0 0 0 0 0 0 0 0 0 0]
[4088744679269923882089336710227475273708303933627018375594372149923606905867358757739731828236536798380847307199521818963474598021503671746025976807530186498748257890366221060029847319797429073879269763135829482247873645843983513820680498640 0 0 0 0 0 0 0 0 0 0 0 0 0 0 0 0 0 0 0 0 0 0 0 0 0 0 0 0 0 0 0 0 0 0 0 0 0 0 0 0 0 0 0 0 0 0 0 0 0 0 0 0 0 0 0 0 0 1 0 0 0 0 0 0 0 0 0 0 0 0 0 0 0 0 0 0 0 0 0]
[1998330699056271132878024339529069391680128571674934224534113499905039849260188674313992327343391353094731839333346954196833675896582584301988377007060054573542211595136874588812419836102732713952632428839814716610611323007612483263092724813 0 0 0 0 0 0 0 0 0 0 0 0 0 0 0 0 0 0 0 0 0 0 0 0 0 0 0 0 0 0 0 0 0 0 0 0 0 0 0 0 0 0 0 0 0 0 0 0 0 0 0 0 0 0 0 0 0 0 1 0 0 0 0 0 0 0 0 0 0 0 0 0 0 0 0 0 0 0 0]
[4619882361132814631593179498548895095496874119519896988371101000268021088722812038571031498514014043394670391752084031323532796341733017816956668157352880695453508980424572406439662249908407369617939678409340888515407833477128993358841511353 0 0 0 0 0 0 0 0 0 0 0 0 0 0 0 0 0 0 0 0 0 0 0 0 0 0 0 0 0 0 0 0 0 0 0 0 0 0 0 0 0 0 0 0 0 0 0 0 0 0 0 0 0 0 0 0 0 0 0 1 0 0 0 0 0 0 0 0 0 0 0 0 0 0 0 0 0 0 0]
[58738487824031169881273221660094883591165105567317887328783894706183361718878897897677075744684998068703665066673313543288999413056379395057130935505808431945257064423653183149314898420590773232035045242895591891804423424207504721281293615 0 0 0 0 0 0 0 0 0 0 0 0 0 0 0 0 0 0 0 0 0 0 0 0 0 0 0 0 0 0 0 0 0 0 0 0 0 0 0 0 0 0 0 0 0 0 0 0 0 0 0 0 0 0 0 0 0 0 0 0 1 0 0 0 0 0 0 0 0 0 0 0 0 0 0 0 0 0 0]
[4803889756060578351318734883590304256639609845235541690598077118781426401642027592830475868258006270408381675676746634496884362985046709415058176159528722265960357675476923183455607379385400053789300284414394026777625882495920188814288949150 0 0 0 0 0 0 0 0 0 0 0 0 0 0 0 0 0 0 0 0 0 0 0 0 0 0 0 0 0 0 0 0 0 0 0 0 0 0 0 0 0 0 0 0 0 0 0 0 0 0 0 0 0 0 0 0 0 0 0 0 0 1 0 0 0 0 0 0 0 0 0 0 0 0 0 0 0 0 0]
[3800973178373629760064485874864240395305585388243645035546797558921766356935872863610270158239982826096796537295233141801716132769740549268332077860756649794772930066550213421815148453150002254260610798231012718150981363334277855888009782441 0 0 0 0 0 0 0 0 0 0 0 0 0 0 0 0 0 0 0 0 0 0 0 0 0 0 0 0 0 0 0 0 0 0 0 0 0 0 0 0 0 0 0 0 0 0 0 0 0 0 0 0 0 0 0 0 0 0 0 0 0 0 1 0 0 0 0 0 0 0 0 0 0 0 0 0 0 0 0]
[1027416910854320408030520276556091140140994602383908814447686063938610760371035382386969762473847844680776906102000760137231950003519684461001460773242177697635343844447203211747586367679683803272518297699796214729605575834159118559085783841 0 0 0 0 0 0 0 0 0 0 0 0 0 0 0 0 0 0 0 0 0 0 0 0 0 0 0 0 0 0 0 0 0 0 0 0 0 0 0 0 0 0 0 0 0 0 0 0 0 0 0 0 0 0 0 0 0 0 0 0 0 0 0 1 0 0 0 0 0 0 0 0 0 0 0 0 0 0 0]
[1175079991365081969118673546381360640748702232828258656997844589728561125706011076595833732868060183536330639991468265435401888673490390524201606058729335396293680554402240811067810244039845635266490429323053725002650280696346908859476293315 0 0 0 0 0 0 0 0 0 0 0 0 0 0 0 0 0 0 0 0 0 0 0 0 0 0 0 0 0 0 0 0 0 0 0 0 0 0 0 0 0 0 0 0 0 0 0 0 0 0 0 0 0 0 0 0 0 0 0 0 0 0 0 0 1 0 0 0 0 0 0 0 0 0 0 0 0 0 0]
[910108582518963087168492953958327705626279823375536842340136229055655126176831544973166223797509042798301148339795633994608811444835759009017919985968263179292343541442552388196646573776285171924649285545440692288299931079795875458290202048 0 0 0 0 0 0 0 0 0 0 0 0 0 0 0 0 0 0 0 0 0 0 0 0 0 0 0 0 0 0 0 0 0 0 0 0 0 0 0 0 0 0 0 0 0 0 0 0 0 0 0 0 0 0 0 0 0 0 0 0 0 0 0 0 0 1 0 0 0 0 0 0 0 0 0 0 0 0 0]
[3662858467548058944842031120294711688910687691183366781810987810630305748682811118522504161134746176601125333753206153271290950258007396482542511146636985403781288956760699034122942526720412734082371602993039889536971535451930181460922581952 0 0 0 0 0 0 0 0 0 0 0 0 0 0 0 0 0 0 0 0 0 0 0 0 0 0 0 0 0 0 0 0 0 0 0 0 0 0 0 0 0 0 0 0 0 0 0 0 0 0 0 0 0 0 0 0 0 0 0 0 0 0 0 0 0 0 1 0 0 0 0 0 0 0 0 0 0 0 0]
[1629850273634556338263395596977097755843761350656390851334394349180964278178125066674768046458531019298055842556650951656694229828598666221889321748671378827878976055426752388539147086225072943746614969900888609602229045989580212773101791491 0 0 0 0 0 0 0 0 0 0 0 0 0 0 0 0 0 0 0 0 0 0 0 0 0 0 0 0 0 0 0 0 0 0 0 0 0 0 0 0 0 0 0 0 0 0 0 0 0 0 0 0 0 0 0 0 0 0 0 0 0 0 0 0 0 0 0 1 0 0 0 0 0 0 0 0 0 0 0]
[3445109685197859478657322904283389768701134308206529289128930449109369131823857266281164143280920637092752398818879086450382136208045585917495247171188129857160621360996261891324988832362742247806232679931682492276570161547193839013242821204 0 0 0 0 0 0 0 0 0 0 0 0 0 0 0 0 0 0 0 0 0 0 0 0 0 0 0 0 0 0 0 0 0 0 0 0 0 0 0 0 0 0 0 0 0 0 0 0 0 0 0 0 0 0 0 0 0 0 0 0 0 0 0 0 0 0 0 0 1 0 0 0 0 0 0 0 0 0 0]
[3227565246183860300904324113519207978824291997183713011341295545516150315527693209763662698415211521140074286199901287433971818847935840653222937832729977716007751716769120675242295267095139767822869470063849010641502322727311738881025902047 0 0 0 0 0 0 0 0 0 0 0 0 0 0 0 0 0 0 0 0 0 0 0 0 0 0 0 0 0 0 0 0 0 0 0 0 0 0 0 0 0 0 0 0 0 0 0 0 0 0 0 0 0 0 0 0 0 0 0 0 0 0 0 0 0 0 0 0 0 1 0 0 0 0 0 0 0 0 0]
[681011204751581555855165450242030377491904488185640342991293700058515688732854487909992377010727188963099999519391296716783888318219445540330419475574777746995271193926682121083887456742243436882139038289023608685947647532061271729751006038 0 0 0 0 0 0 0 0 0 0 0 0 0 0 0 0 0 0 0 0 0 0 0 0 0 0 0 0 0 0 0 0 0 0 0 0 0 0 0 0 0 0 0 0 0 0 0 0 0 0 0 0 0 0 0 0 0 0 0 0 0 0 0 0 0 0 0 0 0 0 1 0 0 0 0 0 0 0 0]
[4278487421901662874127780268221574888145562079635587559661550887614026941490925202553769675485125941593235789789200891870971700683222331099779503935872907470456575108490142227848623975415264948061465386488292673548744626198136266035795533132 0 0 0 0 0 0 0 0 0 0 0 0 0 0 0 0 0 0 0 0 0 0 0 0 0 0 0 0 0 0 0 0 0 0 0 0 0 0 0 0 0 0 0 0 0 0 0 0 0 0 0 0 0 0 0 0 0 0 0 0 0 0 0 0 0 0 0 0 0 0 0 1 0 0 0 0 0 0 0]
[3736746625128143605860425844575639343574563117289019176978777461765343220036971591805336064964210795804258760789307732830685558219130689924424416598985979444543498071177528008419685960818598079759320318713393742023970063421680086974256417870 0 0 0 0 0 0 0 0 0 0 0 0 0 0 0 0 0 0 0 0 0 0 0 0 0 0 0 0 0 0 0 0 0 0 0 0 0 0 0 0 0 0 0 0 0 0 0 0 0 0 0 0 0 0 0 0 0 0 0 0 0 0 0 0 0 0 0 0 0 0 0 0 1 0 0 0 0 0 0]
[268695561401565967671506564610305832960574317777254764316093829351304533165835695013316161965098718632374925236160305651179172111065336892705053788996332391815113917432485917687544475801184529083441069108159511864887832177243394310175709291 0 0 0 0 0 0 0 0 0 0 0 0 0 0 0 0 0 0 0 0 0 0 0 0 0 0 0 0 0 0 0 0 0 0 0 0 0 0 0 0 0 0 0 0 0 0 0 0 0 0 0 0 0 0 0 0 0 0 0 0 0 0 0 0 0 0 0 0 0 0 0 0 0 1 0 0 0 0 0]
[316485409752695812515439895993725147440406739691084642855579087707705856166758029836515477280648026348172312357852770612598211536983122878287746657674778206272494915416979291531664070542755493553791758890893435037071215508803341844178627506 0 0 0 0 0 0 0 0 0 0 0 0 0 0 0 0 0 0 0 0 0 0 0 0 0 0 0 0 0 0 0 0 0 0 0 0 0 0 0 0 0 0 0 0 0 0 0 0 0 0 0 0 0 0 0 0 0 0 0 0 0 0 0 0 0 0 0 0 0 0 0 0 0 0 1 0 0 0 0]
[3316514881757940933898386025060395242016298400628262477285809496879666390918477929800510318018853294137322258932810165757118484196377664351072065250104769457988517309392174040011685866781693097271223876930490296902987563621038219807183329248 0 0 0 0 0 0 0 0 0 0 0 0 0 0 0 0 0 0 0 0 0 0 0 0 0 0 0 0 0 0 0 0 0 0 0 0 0 0 0 0 0 0 0 0 0 0 0 0 0 0 0 0 0 0 0 0 0 0 0 0 0 0 0 0 0 0 0 0 0 0 0 0 0 0 0 1 0 0 0]
[4131394134584660721609609158893484142381907441052545397887335522397446856181879846480527873790107845947022894042005482327598827820318990565550154643639075381416571390333187229151228576797028308503407010739411847548982180579297111573482810274 0 0 0 0 0 0 0 0 0 0 0 0 0 0 0 0 0 0 0 0 0 0 0 0 0 0 0 0 0 0 0 0 0 0 0 0 0 0 0 0 0 0 0 0 0 0 0 0 0 0 0 0 0 0 0 0 0 0 0 0 0 0 0 0 0 0 0 0 0 0 0 0 0 0 0 0 1 0 0]
[4406516324073960334680396406172067465856149810086989472828450068056236446126378922702452355901544353279919271098187013636627357594341411546575747111494430248525496828600188266945736487590134576777681442693655609326186268994837960271257134362 0 0 0 0 0 0 0 0 0 0 0 0 0 0 0 0 0 0 0 0 0 0 0 0 0 0 0 0 0 0 0 0 0 0 0 0 0 0 0 0 0 0 0 0 0 0 0 0 0 0 0 0 0 0 0 0 0 0 0 0 0 0 0 0 0 0 0 0 0 0 0 0 0 0 0 0 0 1 0]
[3549591856484361045590872346675374275526778056622830570144989611585448651570228349908356008108577800213823104676495209609147096128313625494251605116418762498248430664900684717154909171577756800824006016406449446093689002811157582292512323302 0 0 0 0 0 0 0 0 0 0 0 0 0 0 0 0 0 0 0 0 0 0 0 0 0 0 0 0 0 0 0 0 0 0 0 0 0 0 0 0 0 0 0 0 0 0 0 0 0 0 0 0 0 0 0 0 0 0 0 0 0 0 0 0 0 0 0 0 0 0 0 0 0 0 0 0 0 0 1]
]


// 80次元 seed 720