--- Progressive BKZ State Save ---
Dimension: 40
Last Completed Beta: best
Shortest Norm Squared (||b1||^2): 2898385
Shortest Vector Norm (||b1||): 1702.4644
Best Norm Found in This Run: 1702.4644
--- Basis Matrix B (n x n) ---
[398 305 268 -125 -96 -214 -284 108 -37 2 -402 -228 243 33 76 265 3 -558 -323 -552 419 408 -217 -2 -440 -375 153 -108 -79 -80 299 81 -385 80 53 294 170 -380 -164 -172]
[-150 -585 446 -422 -297 473 -319 104 221 -78 -275 -551 316 -151 150 -79 40 172 -139 -63 -193 -114 223 128 -655 -222 233 164 -19 -386 -181 264 -169 -99 380 -31 66 -289 139 144]
[169 -341 487 -50 116 -66 170 -217 -236 72 -296 -469 -178 -1 61 -26 -107 593 -558 125 111 111 184 141 -228 -490 -357 535 206 -85 -29 -216 -490 -265 12 250 306 -291 -46 180]
[123 -290 -123 303 -284 702 -403 -97 206 -186 38 -197 -146 -6 194 -117 292 -345 400 -39 -221 -22 -393 190 -252 -289 317 57 149 -606 482 12 267 154 182 224 324 -531 -145 26]
[-138 -284 724 287 -219 -326 -120 -12 60 -108 34 -384 -79 -437 15 -542 43 204 -167 -371 -166 440 226 -109 -503 88 119 -22 -68 -434 -406 283 114 82 -374 32 104 -389 394 17]
[195 -238 -132 291 383 -257 16 -319 -468 112 -1 107 -98 361 -123 694 26 -198 -13 -323 -145 -244 -576 180 590 298 181 235 16 415 497 -378 -232 -418 206 -258 -51 -79 -184 -28]
[548 682 -108 -103 -343 186 -194 430 -230 377 350 66 470 327 246 182 -50 -400 569 72 476 203 -37 -84 -178 -562 338 -331 62 -42 522 324 -71 100 186 326 258 802 -46 56]
[329 362 373 -37 36 -198 -209 404 -189 32 -289 -135 -53 680 60 526 -186 -374 -38 335 496 211 266 -78 239 -807 -420 207 417 -412 376 172 -31 101 567 347 9 153 -123 131]
[-201 -218 275 471 524 -45 438 176 461 -341 39 -193 -951 381 -477 -80 -19 -153 369 -128 -727 -54 310 160 158 330 101 82 71 -155 -11 13 134 -51 230 -135 -38 -16 33 8]
[28 -385 202 321 -52 -333 -280 4 -74 -56 426 527 -580 -53 203 -272 265 354 239 696 354 539 -39 -5 427 -613 -257 -19 610 -54 -88 86 712 50 -660 748 -3 -62 120 -94]
[-98 -462 154 65 550 -21 182 34 103 160 -108 -575 -14 534 -181 314 -132 -344 421 -265 53 -543 219 -102 -212 177 -17 -418 83 -540 545 -15 169 2 494 -297 -74 -65 -292 43]
[-407 -513 388 506 35 -238 -293 -463 -585 -130 142 -546 -180 -175 109 149 -26 39 81 -62 -48 -214 316 -135 535 206 -306 -551 -223 -125 -136 -177 111 344 -160 -104 -65 -143 45 -256]
[82 134 -120 -406 123 -341 -452 -22 431 -240 -317 -320 -159 -41 -12 128 -483 -660 -285 -373 -199 31 -691 163 31 188 300 -496 -632 1060 -46 164 -52 99 -68 195 50 212 -15 -427]
[595 -346 139 595 296 75 530 -399 -34 2 124 -338 -271 172 -688 324 -222 -69 -254 -41 7 26 -280 450 -23 -101 -34 -441 -322 498 91 -441 -3 -61 -231 25 455 -162 -298 -622]
[6 -174 -22 -98 145 -181 -675 -571 -299 66 -51 361 -28 -266 225 345 74 13 -437 -79 162 184 18 239 173 -428 -24 338 144 -16 642 -105 -531 -679 -84 386 -476 -138 6 318]
[119 417 -448 -137 -401 -339 -283 -268 -232 22 148 191 581 -94 73 80 -395 -289 21 -340 145 1 -175 -336 359 135 -5 540 152 195 560 584 -70 -44 90 365 56 -116 139 639]
[305 -44 157 365 227 -602 428 -42 -395 251 56 -525 13 450 100 -86 -155 295 82 -279 43 107 303 -91 93 -375 -227 -552 -269 304 -455 357 -505 138 541 242 362 140 -274 115]
[370 172 148 -80 127 216 -59 343 590 281 -374 -319 -117 190 24 -96 -11 139 -516 766 210 163 -290 -34 -36 -34 -707 237 -51 57 -317 56 -60 223 487 -261 418 -348 -294 603]
[-342 93 99 -200 432 154 155 -480 -420 -377 222 38 291 147 178 209 -263 -383 96 183 -27 -530 794 231 377 336 -402 -270 -92 -308 11 -561 150 -388 19 -270 -223 551 -113 -216]
[-266 593 -46 -291 647 -567 -90 380 20 165 441 822 -32 -217 365 -492 270 300 -117 -52 136 -198 -313 -2 504 310 264 -391 -174 266 -101 373 286 -557 -34 -362 -136 462 -119 194]
[112 181 -151 1039 -207 -233 -161 -416 -365 0 70 106 -181 -68 749 -204 -441 -418 -5 248 -99 529 -369 217 142 299 -249 -99 -98 66 -88 -151 338 -296 143 -139 190 107 664 -24]
[-436 -294 21 209 484 69 75 -821 -22 279 -378 20 110 -547 140 -137 15 439 -37 161 -25 195 72 110 -245 -128 -277 -66 116 276 -318 -37 -690 -391 -142 207 -320 -335 401 -131]
[-212 51 345 -292 -142 660 155 227 -78 242 181 -139 238 -18 -565 190 -415 201 449 689 -104 -24 429 221 -390 -154 -307 265 -88 481 -92 258 -658 263 105 -426 245 1001 -10 -308]
[-153 -709 -50 -314 -356 -7 232 -118 -172 498 85 -70 480 492 154 430 12 833 27 387 239 -300 32 -645 -4 518 378 214 284 667 484 -131 -613 -542 -125 -76 -184 92 130 522]
[311 447 257 11 169 -436 -583 -259 -191 -262 159 -89 -618 -551 -30 236 228 160 -229 -543 -140 -75 3 319 956 12 21 343 -245 20 503 -616 -152 22 -191 163 -452 -204 144 -273]
[409 -668 -222 381 152 61 -378 -280 -482 -241 397 194 -403 176 -607 402 529 339 125 417 65 -367 -192 235 558 48 -456 549 369 470 -202 -304 231 49 416 -174 -187 -450 -344 242]
[526 -460 494 -418 137 123 109 897 143 222 190 -89 -79 81 -225 -251 -144 63 262 750 265 -187 -166 139 -356 -281 72 141 -116 -266 -461 -25 388 465 117 -238 28 515 -86 476]
[-165 194 -160 830 695 18 -15 41 -77 790 213 93 -152 -359 -41 -304 367 166 127 -625 -83 -232 -656 221 58 773 215 -132 428 -461 556 -39 -45 -128 -299 -263 431 247 -247 25]
[-331 -659 525 -66 54 -503 164 372 -278 -108 16 193 -123 275 288 9 -639 379 -507 -552 97 -398 56 -343 436 279 190 -11 244 334 150 8 -127 -347 -653 169 26 71 480 355]
[40 -427 61 399 -87 -241 -664 -12 -260 208 206 -411 115 -166 29 -231 -191 -402 421 218 -97 599 -358 -588 -199 -149 125 -231 459 332 182 845 338 88 -51 -174 43 -178 0 40]
[-87 -621 -407 -177 184 -4 625 189 -290 36 90 -588 -384 28 -501 -21 -187 248 -130 209 227 -573 595 -211 20 -496 -307 214 264 186 248 149 55 -255 723 -154 309 561 -133 -322]
[-12 207 227 210 150 153 52 41 -160 -506 89 113 -894 -181 -382 -262 135 386 339 236 -319 -77 260 -588 46 -237 176 -738 -78 -210 252 -520 527 142 -412 278 -623 135 -146 -358]
[32 -1076 76 65 220 682 -328 264 -291 182 -25 -498 -368 111 -220 -342 365 -280 441 -744 -757 -90 -218 -73 -766 176 413 -163 -74 -71 18 -58 475 93 -144 -169 144 255 -20 -547]
[-162 211 42 348 -236 -214 476 -523 -82 -28 117 410 446 59 218 531 -205 502 322 76 11 -487 303 -123 127 281 -240 273 351 209 485 -231 -78 -414 -293 55 -659 259 352 182]
[-296 -431 289 -507 542 -284 -552 -129 340 154 145 -334 -133 101 122 -10 276 -44 -614 -257 -27 181 150 -308 372 49 -320 -18 -25 552 -109 -421 200 -364 103 -281 -831 -176 220 19]
[271 180 47 51 562 -78 -406 145 -361 196 109 8 -272 986 -175 273 -299 -589 710 15 -245 -307 -120 -241 70 82 520 -271 148 362 90 0 169 -145 -176 236 117 597 -533 -582]
[-331 516 -465 -500 43 -198 8 -112 271 -398 -68 -257 421 -438 -297 -41 -410 -160 -428 -278 -51 -603 -186 361 -2 630 -40 -44 171 481 51 -235 -22 -623 210 346 64 -190 584 -165]
[190 283 -247 -675 230 -360 -3 167 101 470 83 431 541 -138 -240 -632 -62 -183 81 245 736 -137 -327 -104 -90 262 -224 -183 -435 526 -423 -1060 836 190 -549 -186 -115 147 -15 -302]
[-514 -244 92 -57 26 678 -38 -75 791 217 441 765 -242 149 36 -205 221 -437 724 319 53 188 -92 -151 75 37 -217 -24 160 -601 59 286 -11 -434 -110 -146 -553 -228 -282 80]
[855 593 -109 669 286 -253 84 -94 -138 34 369 178 -241 45 -442 -258 880 -806 72 28 -471 -7 13 388 123 445 24 -407 -242 -379 -117 -225 400 469 253 -267 45 -343 -157 132]
