--- Progressive BKZ State Save ---
Dimension: 51
Last Completed Beta: best
Shortest Norm Squared (||b1||^2): 2521583
Shortest Vector Norm (||b1||): 1587.9493
Best Norm Found in This Run: inf
--- Basis Matrix B (n x n) ---
[-573 95 -8 -125 -329 -103 -501 -543 36 -98 123 -133 -7 -229 372 -117 176 -63 -7 -18 -56 28 -17 329 118 129 151 -173 -17 470 -326 122 76 -147 -17 11 253 24 -143 134 338 163 37 252 -291 -88 -20 -147 461 -136 15]
[-56 46 -442 408 227 153 -202 -235 268 35 92 241 -331 -20 358 -94 -10 -515 30 698 -142 -279 -306 182 88 -246 -287 -337 111 -345 -101 103 49 -311 -286 -311 -197 -291 -279 -105 75 -148 79 289 -377 -38 188 307 9 -206 494]
[43 191 -104 -148 -407 -256 -470 -440 -596 -162 126 126 49 253 249 86 -69 460 11 -164 375 -323 880 68 -1 -212 103 70 -80 707 27 17 123 -265 180 -70 -12 76 -68 -195 -182 43 -153 71 158 401 360 -517 -203 -85 -391]
[78 30 -630 405 821 102 330 -55 339 16 65 10 -36 -110 -563 -535 -54 -85 -46 543 -141 466 -520 -258 -450 -224 -190 -106 -213 18 155 -104 -214 65 120 -193 87 78 -1 147 148 52 -439 -272 -659 -104 -551 208 429 -282 51]
[57 -244 231 97 81 722 -297 220 -18 500 65 286 -52 -79 112 387 -83 -393 184 168 -124 204 25 238 171 91 -169 208 235 -566 -63 -10 -77 -454 -391 243 -365 -259 -545 312 447 -570 360 -438 94 -197 269 284 423 206 -117]
[186 337 -62 -281 333 352 -274 -336 -521 -109 3 77 -162 -269 -34 -190 124 -296 389 229 153 570 213 -56 -184 -204 113 500 -83 37 -183 552 160 115 426 -30 125 76 -107 282 129 -147 7 -726 101 302 258 27 312 -679 -227]
[-59 -187 -260 -275 -263 53 188 -183 251 200 -180 -395 115 -258 5 -201 148 169 -496 349 -366 519 -96 29 -316 595 -556 -424 437 164 -36 -60 -527 23 -489 -1 -154 102 -517 -274 95 -170 -105 211 -345 -112 -417 107 710 255 -373]
[684 -315 278 -381 3 -4 71 232 -660 493 97 -85 447 4 -70 256 -1 232 -285 197 284 690 381 278 -174 -105 294 -50 -36 -247 54 294 -279 315 448 168 316 -236 -233 -209 -15 -332 -87 -244 602 244 -222 58 274 -319 -111]
[344 -400 301 -363 -299 414 231 431 -219 272 5 67 42 -110 -90 31 -148 209 -402 -180 -139 359 4 661 213 138 -249 -385 450 -542 -46 6 -36 43 -270 653 -168 460 198 -396 -170 -498 109 507 379 -93 -307 598 197 34 50]
[-308 240 -248 362 -213 -605 136 -191 384 120 115 199 108 -329 500 -520 560 -320 -571 578 -203 238 -570 -29 69 48 -149 -292 -221 132 -98 -77 -444 331 -210 -412 273 -639 -107 -359 402 300 -48 321 -338 -139 -674 233 -133 294 -201]
[243 -163 -388 518 425 -5 288 -508 -116 351 191 227 249 695 131 329 -200 -99 -51 194 -15 -453 465 25 370 -77 22 83 -589 -77 272 44 -168 -293 -284 -201 -13 -598 -46 -571 283 -187 -502 -77 -285 -41 -696 95 -171 102 -96]
[76 -435 234 -100 -259 183 -55 -171 -231 -38 -121 -173 436 83 -571 510 55 252 455 -226 86 -463 -384 12 14 103 810 -191 -526 498 105 -67 -93 -275 2 260 453 52 94 -65 -145 245 -317 -173 76 -259 -755 208 481 -22 241]
[59 108 -519 265 424 -134 -142 8 379 170 -119 -454 105 -165 -88 217 369 324 -269 543 200 698 534 415 -459 -330 -270 -412 234 -262 21 -120 -139 273 441 164 98 67 -171 -352 -329 99 147 383 -152 218 602 45 228 -358 234]
[-253 442 197 126 595 -106 -146 -422 -342 37 599 23 172 -355 278 100 -14 -606 452 290 -521 274 -205 102 -146 287 -11 526 -348 377 -165 452 -213 343 -85 -125 479 60 -298 270 701 336 -425 -450 -84 -191 -598 461 106 -315 221]
[39 -159 -369 27 -367 10 103 326 45 -89 321 225 -335 116 -339 -271 347 889 -352 -110 429 497 105 -51 51 -107 157 -212 -43 154 -160 -168 -355 171 -98 31 26 302 518 15 -105 -301 467 537 -96 182 -153 -621 -241 293 -304]
[714 484 -109 359 -130 151 -148 65 -194 82 506 518 -327 554 -194 180 -403 -122 -40 175 -141 -1091 271 -135 342 110 -483 -303 124 -99 106 187 -203 41 -591 -239 107 -67 93 -780 -60 -143 87 593 79 190 -443 654 -733 82 -120]
[349 648 -195 -185 -149 222 -349 -42 -398 -71 -189 295 55 -85 68 301 336 171 36 454 71 -23 116 -23 121 18 -190 -145 338 -342 361 -18 41 199 -182 -116 -361 44 -35 -787 161 -109 1213 -115 145 453 140 358 -531 305 -43]
[-370 -387 90 -122 -264 268 40 -355 -124 -279 -346 81 234 -177 -334 -191 172 264 64 220 -107 194 -156 41 -45 202 -411 361 2 118 309 -562 273 152 -398 361 -325 252 302 -674 -280 98 335 152 -306 -21 229 -57 -405 -44 -30]
[511 34 -943 9 659 260 202 7 397 4 -101 -221 -122 251 -614 154 -169 382 208 -350 -13 74 72 52 91 125 -388 -205 467 -144 62 156 31 -358 39 151 -117 447 -131 31 166 -283 697 309 -17 168 -15 -357 372 511 -428]
[-228 289 -427 133 286 323 538 223 539 -247 -363 -266 -241 -389 -152 -409 26 -29 321 -255 18 -211 -862 613 -105 -295 222 -197 -19 -515 -144 442 350 -118 50 29 -594 211 278 -199 -9 -232 678 0 2 182 122 271 -144 23 597]
[72 -109 -327 211 11 -537 -413 180 326 -235 402 28 -77 -318 94 143 547 -54 15 -139 -148 132 -49 20 120 395 -353 -1 58 -116 -196 -271 -332 21 -20 -575 530 236 -476 420 146 390 -209 -110 148 133 -88 -303 264 513 -306]
[-164 -591 342 -45 139 810 176 373 -144 245 -189 -337 310 -125 -213 400 85 652 -191 -36 -9 522 -395 -99 -241 119 467 299 -737 -282 301 50 -173 469 198 537 -632 205 262 -375 -109 -504 429 -232 155 129 -401 522 203 -79 131]
[76 -627 -149 -335 -144 -534 638 243 403 89 -210 33 335 -169 -5 -122 -263 170 -120 -364 -183 -456 -414 -49 91 -384 695 -261 -677 410 21 133 219 -109 310 694 -398 239 552 42 -127 -292 -723 345 -62 -296 -864 243 230 324 -336]
[62 389 -276 164 461 -269 66 315 -213 -70 141 -257 347 -515 -189 -244 -248 261 176 782 -137 471 129 50 -686 -146 -411 376 -257 -466 309 78 39 458 655 228 -510 312 -337 -269 301 355 -186 -410 125 708 307 -168 -281 17 -353]
[145 -440 364 936 503 351 -196 -226 17 238 441 748 448 322 146 441 390 -341 40 146 127 -166 363 63 424 -185 -161 -133 -93 -30 -54 -283 263 6 -104 -137 324 -468 -69 -478 -261 67 72 35 -81 -293 70 196 -258 272 478]
[490 -459 -427 -335 48 -35 -197 521 -311 -252 -92 -410 45 -227 -758 223 65 271 156 748 84 180 -339 -78 -149 -201 -177 -122 238 307 211 82 -358 498 659 150 93 287 572 -454 -562 -6 78 1053 237 537 -165 -76 -65 -710 -222]
[-225 150 157 -301 -273 -215 98 -187 -21 -208 355 348 125 82 9 264 263 222 398 313 -315 -507 141 51 -240 479 160 -641 22 -474 46 -36 -34 -149 -422 0 -339 54 -130 -752 -196 257 69 211 -397 -15 486 354 -455 253 689]
[-19 842 412 97 297 72 647 708 345 -854 779 -140 -214 -368 -377 -767 -153 3 -65 -70 -199 326 -315 40 -194 590 -387 310 452 -149 -393 263 -193 550 -284 -223 229 290 673 -68 28 111 -365 404 -214 -2 -295 -17 -392 257 -462]
[-166 -617 -107 869 268 -303 -21 -401 296 -305 147 -240 -214 444 -261 -167 -481 227 -478 34 104 98 541 219 -201 -170 171 -152 -161 -56 97 -666 -42 -256 -268 -415 352 -559 90 143 96 -318 -371 3 -626 -210 370 -148 -25 -171 475]
[6 -85 -215 -290 376 -302 -474 385 337 9 -158 12 -209 -15 -196 358 318 -364 270 212 124 -641 -420 -124 58 287 297 78 -93 -734 162 -181 182 229 499 -296 472 -185 -240 -56 -511 -103 407 601 21 127 627 -533 -612 -196 655]
[-212 -473 -283 -892 -603 -48 -427 222 -473 158 -252 -105 169 -228 -51 150 -572 247 -425 -375 4 -232 -186 352 -421 203 -116 -106 -124 297 18 -45 225 35 -306 404 -342 607 -360 -252 -174 -54 448 369 562 41 -352 -205 82 166 301]
[-572 -450 -318 373 40 -101 -769 89 515 215 -336 -508 -81 549 -455 -64 -218 -240 -125 102 -144 -131 441 -445 56 213 -180 221 -545 -338 88 6 264 -282 45 389 -47 -573 -531 132 419 16 196 -33 -644 197 354 -414 597 -326 -133]
[177 -113 -492 -557 539 -326 13 -112 197 221 -313 -790 -238 88 -499 414 478 -104 9 -492 158 428 185 -356 646 291 161 276 -372 -554 -302 470 324 237 93 -16 42 656 112 705 74 0 42 -143 68 87 -275 -905 341 -151 -278]
[321 -200 -166 -131 173 -706 316 127 87 -489 78 -234 91 0 -262 56 362 332 108 -148 -271 296 -428 -555 -191 213 -21 294 -111 241 586 -213 -585 861 649 -173 617 145 -97 -108 -481 322 -779 -193 611 70 25 734 490 -167 -113]
[212 165 -670 -74 -128 -476 -283 -407 355 -26 488 507 198 0 163 -735 255 402 -235 188 -56 -263 548 223 62 -185 -216 -450 254 536 198 97 214 -344 -313 64 401 -129 -449 -324 -130 -440 -93 74 88 121 -396 109 539 513 -581]
[-323 374 -16 -24 649 -320 681 369 24 -219 476 260 -126 152 -202 -339 -559 -6 -305 -647 22 166 -247 182 84 -61 403 377 -501 264 511 723 43 440 248 -148 -53 113 740 223 -60 -116 24 -41 369 -21 -837 645 -53 -187 247]
[-149 -145 -65 -16 -332 -75 -61 -213 120 -73 488 248 -375 -337 -26 -933 -96 514 -629 -79 345 557 181 284 -178 -59 -301 -612 96 383 -91 30 -206 278 37 -306 -75 471 335 118 -130 538 -600 555 77 367 -404 -1166 -236 -21 -209]
[209 250 497 -394 301 -49 -225 537 -421 414 335 117 -51 -160 543 247 -126 12 450 -609 104 -105 39 59 167 -124 -356 354 582 282 -38 14 50 72 734 -105 426 -123 415 671 204 539 694 -27 729 -290 183 184 -106 -204 339]
[-476 282 -357 -426 264 217 -449 -393 -532 -72 -580 -173 37 -307 386 119 260 67 -383 -356 59 638 -127 152 132 375 -358 713 322 -6 -30 70 364 -46 251 1 -140 10 525 -762 205 -111 368 292 -105 -108 367 183 326 -51 -248]
[-621 514 406 -98 42 169 26 -397 -336 -390 -827 196 99 285 291 27 60 -44 198 -836 -160 147 372 -325 336 -141 73 534 -69 284 -27 -92 147 -388 282 286 512 326 599 -215 -140 -23 -295 -90 -294 -345 -36 -133 -54 -158 -147]
[343 458 -625 -450 630 548 -217 85 -474 -52 -471 -419 146 454 106 -224 -349 -41 152 -197 -329 -128 271 -359 -425 264 -278 -88 504 573 200 760 301 -682 -225 -396 -642 -151 -381 173 29 -252 -120 171 40 285 159 -504 199 134 -539]
[250 -200 164 434 351 -3 171 324 -712 324 713 168 -216 39 -358 -16 98 483 232 9 -49 -407 -174 -401 -563 7 180 -411 -432 592 38 -472 -261 -332 148 -43 -657 505 226 -189 230 -302 243 -345 -77 338 -398 512 -342 301 -280]
[-152 -325 -379 -479 148 421 1054 -198 78 132 232 -46 -299 -15 143 24 -116 -162 294 380 -138 420 -375 -106 -450 -77 -89 467 -253 -32 -50 649 -184 -160 328 115 -624 -73 -15 331 233 -617 -158 -136 69 227 -517 -115 14 -500 -1037]
[573 -96 -940 -297 286 635 -122 232 -442 4 -398 387 -414 -229 -69 203 122 113 273 600 -39 37 20 68 -636 -753 -470 -376 -130 -18 390 -171 -177 55 1 -8 -916 182 -545 -508 -379 -542 -218 -613 -204 428 259 -232 407 -527 124]
[302 173 -179 -262 -228 410 -208 -165 -903 310 -194 -198 112 -100 53 46 537 218 398 222 -128 399 319 -218 92 -22 354 606 -939 453 175 87 -218 -168 79 -73 -176 -823 -193 -744 290 -321 388 -741 -201 404 86 -108 -40 -516 -491]
[-324 -366 654 296 145 317 -427 41 -246 -112 422 262 -449 50 183 -87 -490 -419 606 162 -168 -26 -612 172 -41 -265 -328 -50 -270 81 -122 542 -258 94 239 449 194 163 18 446 42 -212 250 395 -172 285 780 434 247 -663 1045]
[76 332 -57 29 181 608 431 -232 475 362 -547 793 -190 298 -376 284 568 -128 247 203 154 -68 350 -149 494 333 -511 406 174 -477 219 -99 -81 137 -533 -29 325 -48 -5 -55 335 -226 896 -368 281 -407 -79 419 -228 90 -407]
[207 540 -58 358 604 84 418 -221 400 -55 -392 129 178 -222 237 -743 213 -42 -289 -302 90 139 -562 383 243 299 -439 -117 -104 -832 -409 168 764 105 244 -36 164 23 322 -82 -119 186 205 250 -280 29 109 198 696 -227 5]
[110 149 520 15 -525 -325 -130 -46 10 -242 364 121 332 121 -156 -287 288 461 -710 541 -338 -48 -28 -559 -156 123 35 41 307 394 439 -670 -852 421 261 -352 493 37 -52 -408 -458 408 -248 143 484 59 -5 157 -458 71 -103]
[-144 -144 -203 173 82 -41 417 77 -3 -340 -769 253 -205 -115 -160 -695 -318 -342 115 -206 -5 308 -547 -695 303 -294 -153 215 -82 292 -73 -64 148 -187 615 -283 -300 255 1104 445 -737 81 -551 -320 -140 -658 -477 344 21 -565 26]
[180 -397 -303 -638 4 -569 -642 -180 379 133 361 66 -152 112 -599 -196 9 183 191 430 -317 -21 -921 88 141 391 -42 -570 -207 -63 -75 265 -192 160 503 106 458 228 -29 381 -398 317 -30 1047 -234 163 -727 149 537 -462 367]
